countyfips,mean_confirmed_7d_total,mean_deaths_7d_total,mean_confirmed_7d_diff,mean_deaths_7d_diff
45001,297.85714285714283,3.7142857142857144,3.2857142857142856,0.5714285714285714
22001,2407.714285714286,69.57142857142857,44.142857142857146,1.7142857142857142
51001,1212.7142857142858,17.142857142857142,1.7142857142857142,0
16001,7763.142857142857,49.857142857142854,169,2.142857142857143
19001,23.285714285714285,0,0,0
21001,203,21.714285714285715,2.2857142857142856,0
29001,135,0,1.2857142857142858,0
40001,257.85714285714283,5.142857142857143,10,0.14285714285714285
8001,6234,190,75.57142857142857,0.7142857142857143
16003,17.857142857142858,0,0.2857142857142857,0
17001,365.7142857142857,1.1428571428571428,9.428571428571429,0
18001,77,1.1428571428571428,2.142857142857143,0
19003,14.142857142857142,0,0.14285714285714285,0
28001,557.1428571428571,25.428571428571427,11.714285714285714,0.14285714285714285
31001,370,12.571428571428571,1.2857142857142858,0
39001,47.142857142857146,2.2857142857142856,1.5714285714285714,0
42001,499.57142857142856,18.857142857142858,3.857142857142857,0.42857142857142855
53001,387.85714285714283,0.7142857142857143,7.714285714285714,0.2857142857142857
55001,66.42857142857143,2.2857142857142856,1.4285714285714286,0
50001,81.28571428571429,2.2857142857142856,0,0
72001,84.85714285714286,0,0.7142857142857143,0
72003,98,0,2.857142857142857,0
72005,159.42857142857142,0,5.714285714285714,0
72007,101.85714285714286,0,2.142857142857143,0
72009,75.71428571428571,0,1.2857142857142858,0
45003,1367.142857142857,24.571428571428573,42,0.7142857142857143
27001,27,0,0.5714285714285714,0
12001,3442.4285714285716,19.857142857142858,80,0.8571428571428571
37001,2178.1428571428573,46.142857142857146,36.714285714285715,0.14285714285714285
6001,11548.57142857143,200.42857142857142,178.57142857142858,2.142857142857143
8003,248,8.142857142857142,1.8571428571428572,0.14285714285714285
36001,2765.285714285714,140.14285714285714,16.714285714285715,0.42857142857142855
56001,87,0,0.7142857142857143,0
51003,783.1428571428571,11.428571428571429,12.142857142857142,0
26001,31,1.1428571428571428,0,0
28003,276,2.857142857142857,18,0.14285714285714285
2013,1.1428571428571428,0,0,0
2016,2.2857142857142856,0,0.2857142857142857,0
17003,38.714285714285715,0,0.42857142857142855,0
37003,276.85714285714283,2.2857142857142856,5.285714285714286,0
51510,3052.4285714285716,64.57142857142857,23.857142857142858,0.14285714285714285
40003,1.7142857142857142,0,0.2857142857142857,0
26003,5.428571428571429,0,0.14285714285714285,0
19005,164.85714285714286,4.571428571428571,0.2857142857142857,0
26005,524.8571428571429,8.142857142857142,5.285714285714286,0
24001,285.42857142857144,20.571428571428573,3.142857142857143,0
36003,83.71428571428571,1.1428571428571428,0.2857142857142857,0
37005,66.85714285714286,0,1.2857142857142858,0
51005,64.28571428571429,2.2857142857142856,0.2857142857142857,0
42003,8085.428571428572,247.42857142857142,145.57142857142858,1.7142857142857142
18003,3769.4285714285716,171.71428571428572,30.428571428571427,1.5714285714285714
20001,13,0,0.5714285714285714,0
21003,237.71428571428572,9,1.1428571428571428,0.14285714285714285
22003,1027.2857142857142,18.142857142857142,35.42857142857143,0.42857142857142855
39003,594.7142857142857,46.857142857142854,13.142857142857142,0
45005,161.14285714285714,3.4285714285714284,4.285714285714286,0
26007,142.85714285714286,14.857142857142858,0,0
6003,2.2857142857142856,0,0,0
6005,82.14285714285714,0,3.142857142857143,0
51007,72.85714285714286,1.1428571428571428,1.5714285714285714,0
51009,86,0,4.428571428571429,0
28005,189.71428571428572,4.571428571428571,5.142857142857143,0
72011,112.28571428571429,0,1.8571428571428572,0
2020,1389.142857142857,10.285714285714286,65,0
20003,28.428571428571427,0,0.2857142857142857,0
21005,52.285714285714285,1.1428571428571428,1.7142857142857142,0
45007,1867.142857142857,38,43.714285714285715,2
47001,460,4,24.714285714285715,0.14285714285714285
48001,2412.8571428571427,5.714285714285714,15.857142857142858,0.5714285714285714
29003,83,1.1428571428571428,1.4285714285714286,0
48003,250.57142857142858,4.285714285714286,4.857142857142857,0.2857142857142857
23001,603,5.857142857142857,4.428571428571429,0.14285714285714285
48005,1507.5714285714287,20.428571428571427,69.57142857142857,2.7142857142857144
24003,7181.285714285715,244.42857142857142,67.85714285714286,0.14285714285714285
27003,3340.8571428571427,126.85714285714286,47.285714285714285,0.2857142857142857
37007,316.2857142857143,2.2857142857142856,3.5714285714285716,0
31003,19.571428571428573,1.1428571428571428,0.14285714285714285,0
26009,37.42857142857143,0,0.8571428571428571,0
4001,3284.285714285714,139.42857142857142,23.714285714285715,1.8571428571428572
19007,40,3.4285714285714284,0.2857142857142857,0
13001,552.7142857142857,18.142857142857142,11.571428571428571,0.14285714285714285
51011,65.42857142857143,0,1.2857142857142858,0
48007,137.42857142857142,1.8571428571428572,4.142857142857143,1
8005,7322.571428571428,409.42857142857144,78.71428571428571,1.4285714285714286
48009,16,0,0.2857142857142857,0
8007,29.428571428571427,0,1.4285714285714286,0
72013,242.85714285714286,0,5.714285714285714,0
26011,45.57142857142857,2.4285714285714284,0.14285714285714285,0.14285714285714285
5001,183.85714285714286,1.1428571428571428,4,0
51013,3192.285714285714,154.28571428571428,13.285714285714286,0
42005,167.42857142857142,6.857142857142857,6.714285714285714,0
48011,4.285714285714286,0,0.2857142857142857,0
23003,35.285714285714285,1.1428571428571428,0.14285714285714285,0
72015,78.14285714285714,0,0.8571428571428571,0
31005,0,0,0,0
22005,2503.1428571428573,74.28571428571429,47.857142857142854,0
37009,99,1.1428571428571428,2.857142857142857,0
39005,126.85714285714286,4.571428571428571,2.142857142857143,0
55003,15.428571428571429,0,0.5714285714285714,0
5003,189,4.571428571428571,7,0
39007,573.8571428571429,50.285714285714285,5.285714285714286,0
53003,25,2.2857142857142856,0.14285714285714285,0
22007,555.2857142857143,20.428571428571427,7.571428571428571,0.14285714285714285
48013,443.57142857142856,5.571428571428571,3.7142857142857144,1.2857142857142858
20005,62.142857142857146,0,1.4285714285714286,0
29005,11.857142857142858,0,0.7142857142857143,0
39009,352.2857142857143,1.1428571428571428,6,0
13003,293.2857142857143,2.2857142857142856,6.714285714285714,0
34001,3671.714285714286,274.2857142857143,21.285714285714285,0.5714285714285714
40005,61.142857142857146,0,1.5714285714285714,0
28007,509.2857142857143,26.285714285714285,6.285714285714286,0
29007,201.42857142857142,1.1428571428571428,2.4285714285714284,0
19009,27.285714285714285,1.1428571428571428,0.42857142857142855,0
39011,183.85714285714286,5.714285714285714,6.285714285714286,0
51015,270,3,2.4285714285714284,0.14285714285714285
46003,41.714285714285715,0,0.2857142857142857,0
48015,204.57142857142858,1.8571428571428572,5.285714285714286,0.7142857142857143
1001,1022.5714285714286,22.857142857142858,13.714285714285714,0
37011,76.28571428571429,0,3.142857142857143,0
22009,896.5714285714286,26.285714285714285,21.714285714285715,0.5714285714285714
8009,16,0,0,0
13005,425.57142857142856,5.714285714285714,6.571428571428571,0
48017,149.57142857142858,2.4285714285714284,2.142857142857143,0.2857142857142857
12003,318.7142857142857,4.571428571428571,11,0
13007,56,3.4285714285714284,1.1428571428571428,0
41001,21,0,1,0
1003,2848.8571428571427,18.714285714285715,102.28571428571429,0.2857142857142857
13009,928.5714285714286,42,15.428571428571429,0.2857142857142857
21007,31,0,0.42857142857142855,0
24005,12157.857142857143,598.2857142857143,179.71428571428572,2.4285714285714284
24510,11581.285714285714,452.42857142857144,151.14285714285714,2
45009,401.14285714285717,7,9.142857142857142,1
48019,74,0.2857142857142857,3.857142857142857,0.14285714285714285
13011,231.57142857142858,3.4285714285714284,3.142857142857143,0
31007,2.2857142857142856,0,0,0
16005,273.57142857142856,1.4285714285714286,9.428571428571429,0.14285714285714285
26013,5.714285714285714,0,0,0
20007,4.428571428571429,0,0.14285714285714285,0
1005,583.1428571428571,4.571428571428571,7.285714285714286,0
54001,31.285714285714285,1.1428571428571428,0.2857142857142857,0
72017,56.42857142857143,0,3.142857142857143,0
38003,33,0,0.5714285714285714,0
25001,1917.7142857142858,176.85714285714286,11.285714285714286,0.14285714285714285
45011,298.14285714285717,2.142857142857143,10,0.2857142857142857
72019,171.14285714285714,0,4.142857142857143,0
21009,270.57142857142856,2.2857142857142856,11.714285714285714,0
55005,116.57142857142857,2.5714285714285716,7.857142857142857,0.2857142857142857
13013,1013,36,25.857142857142858,0.2857142857142857
26015,189,2.2857142857142856,1.7142857142857142,0
29009,211.71428571428572,0,5,0
18005,763.2857142857143,51.57142857142857,8,0.14285714285714285
20009,100.71428571428571,3.4285714285714284,2.5714285714285716,0
29011,61.285714285714285,0,1.5714285714285714,0
13015,1481.4285714285713,58.857142857142854,34,0.8571428571428571
48021,1314,15.142857142857142,31.857142857142858,0.7142857142857143
29013,31.142857142857142,1.1428571428571428,1.7142857142857142,0
21011,30.428571428571427,1.1428571428571428,1.1428571428571428,0
51017,3.2857142857142856,0,0.2857142857142857,0
5005,59.57142857142857,0,1.4285714285714286,0
12005,3043.285714285714,16.428571428571427,135.85714285714286,1
26017,580.1428571428571,35.42857142857143,6.857142857142857,0
72021,1020.4285714285714,0,32.285714285714285,0
55007,18.571428571428573,1.1428571428571428,0.8571428571428571,0
48023,4.142857142857143,0,0.42857142857142855,0
46005,660.5714285714286,10.285714285714286,1.7142857142857142,0
16007,5.571428571428571,0,0.42857142857142855,0
37013,290.57142857142856,1.2857142857142858,14.857142857142858,0.2857142857142857
45013,3280.5714285714284,37.42857142857143,86.28571428571429,1
22011,673.2857142857143,12.571428571428571,23.428571428571427,0.5714285714285714
40007,39.142857142857146,0,0.2857142857142857,0
42007,1243.142857142857,94,21.857142857142858,0.5714285714285714
30001,24.428571428571427,0,2.142857142857143,0
27005,113.14285714285714,0.14285714285714285,4.428571428571429,0.14285714285714285
40009,35.285714285714285,0,1.5714285714285714,0
42009,131.14285714285714,4.571428571428571,2.4285714285714284,0
47003,842,11.428571428571429,12.857142857142858,0
51019,253.28571428571428,4.571428571428571,6.142857142857143,0
48025,396.42857142857144,2.7142857142857144,21.285714285714285,0.8571428571428571
33001,113.71428571428571,4.571428571428571,0.5714285714285714,0
21013,238.28571428571428,1.4285714285714286,10.428571428571429,0.14285714285714285
48027,3397.714285714286,22.714285714285715,50.57142857142857,1.1428571428571428
39013,664.2857142857143,29.571428571428573,1.2857142857142858,0.14285714285714285
27007,154.71428571428572,0,6.285714285714286,0
13017,336.14285714285717,1.1428571428571428,5.428571428571429,0
16009,46,0,1.5714285714285714,0
46007,5.714285714285714,0,0,0
50003,92.57142857142857,1.1428571428571428,0.2857142857142857,0
38005,53.857142857142854,1.1428571428571428,6.142857142857143,0
8011,5.714285714285714,0,0,0
5007,4723.857142857143,35.857142857142854,54.57142857142857,1
18007,63,0,0.2857142857142857,0
19011,123,1.1428571428571428,2.857142857142857,0
27009,321.14285714285717,3.4285714285714284,2.5714285714285716,0
28009,100.85714285714286,0,3.142857142857143,0
29015,55.57142857142857,0.2857142857142857,4,0.14285714285714285
41003,152.14285714285714,6.857142857142857,1.2857142857142858,0
47005,47.714285714285715,1.1428571428571428,3,0
53005,3547.4285714285716,119,51.42857142857143,0.42857142857142855
26019,31.571428571428573,1.1428571428571428,0.8571428571428571,0
34003,23069.285714285714,2331,41.285714285714285,2
45015,3827,54.142857142857146,69.14285714285714,2.7142857142857144
54003,680.1428571428571,11.571428571428571,7.714285714285714,0.14285714285714285
42011,5685.571428571428,413.85714285714283,30.714285714285715,0.42857142857142855
25003,727,51.42857142857143,3.142857142857143,0
35001,4859.142857142857,124.14285714285714,88.85714285714286,1.5714285714285714
13019,251,0,5,0
26021,1369.2857142857142,71.57142857142857,13.142857142857142,0.42857142857142855
37015,229.71428571428572,4.571428571428571,5.428571428571429,0
2050,20.142857142857142,0,0.14285714285714285,0
48029,39817.42857142857,396.7142857142857,731.7142857142857,33.57142857142857
1007,346.7142857142857,2.2857142857142856,7.428571428571429,0
13021,2959.5714285714284,57.857142857142854,67.14285714285714,1.7142857142857142
22013,382.14285714285717,32.42857142857143,3.2857142857142856,0.14285714285714285
30003,225.28571428571428,5.714285714285714,9.714285714285714,0
56003,37.57142857142857,0,0.14285714285714285,0
27011,23.428571428571427,0,0,0
38007,1.1428571428571428,0,0,0
16011,159.14285714285714,2.2857142857142856,5.428571428571429,0
19013,3211.714285714286,70.14285714285714,24.142857142857142,0.14285714285714285
18009,53.57142857142857,2.2857142857142856,0.8571428571428571,0
37017,593,5.857142857142857,6.571428571428571,0.14285714285714285
16013,642.8571428571429,6.714285714285714,0.7142857142857143,0.14285714285714285
30005,7.714285714285714,0,0.14285714285714285,0
31009,0,0,0,0
40011,30.857142857142858,0,1.5714285714285714,0
42013,192,2,6,0.14285714285714285
48031,93.71428571428571,1.4285714285714286,2.142857142857143,0.14285714285714285
51021,8,0,0,0
13023,126.71428571428571,2.2857142857142856,2,0.2857142857142857
47007,739.2857142857143,1.1428571428571428,1.4285714285714286,0
1009,630.2857142857143,1.1428571428571428,18.285714285714285,0
47009,856.7142857142857,7.714285714285714,46.142857142857146,0.14285714285714285
27013,849.4285714285714,3.5714285714285716,11.714285714285714,0.2857142857142857
16015,32.857142857142854,0.14285714285714285,1.5714285714285714,0.14285714285714285
28011,814.4285714285714,27.571428571428573,29.571428571428573,0.42857142857142855
29017,56.285714285714285,0,1,0
46009,14.857142857142858,0,0,0
17005,39.285714285714285,1.5714285714285714,1.8571428571428572,0.14285714285714285
16017,133.71428571428572,0,5.571428571428571,0
16019,535,1.1428571428571428,31.142857142857142,0
5009,116.85714285714286,1.1428571428571428,6.428571428571429,0
17007,778.7142857142857,25.428571428571427,7,0.2857142857142857
18011,650.1428571428571,51.42857142857143,6.428571428571429,0
19015,237.14285714285714,1.1428571428571428,4.285714285714286,0
21015,1034.142857142857,27,13.571428571428571,0.14285714285714285
29019,1008.1428571428571,3.142857142857143,37.857142857142854,0.14285714285714285
31011,8,0,0,0
54005,75.57142857142857,0,1,0
48035,109.57142857142857,0.42857142857142855,4.571428571428571,0.2857142857142857
22015,2046.4285714285713,65.28571428571429,38.714285714285715,1.5714285714285714
51023,196.71428571428572,4.571428571428571,1.7142857142857142,0
38009,9.714285714285714,0,0.42857142857142855,0
8013,1984,84.57142857142857,21.571428571428573,0
16021,29,0,1.4285714285714286,0
20011,70.42857142857143,1.1428571428571428,0.8571428571428571,0
21017,70,1.1428571428571428,1.2857142857142858,0
48037,765.1428571428571,22.571428571428573,8.571428571428571,1.7142857142857142
38011,5.428571428571429,0,0.7142857142857143,0
31013,10.142857142857142,0,0.42857142857142855,0
21019,156.57142857142858,3.4285714285714284,3.7142857142857144,0
31015,1.1428571428571428,0,0,0
21021,103.85714285714286,0,7.285714285714286,0
21023,29.428571428571427,0,0.5714285714285714,0
12007,253.28571428571428,3,6,0.14285714285714285
42015,83,3.4285714285714284,1.1428571428571428,0
5011,127.85714285714286,2.4285714285714284,2.7142857142857144,0.14285714285714285
47011,1585.7142857142858,10.285714285714286,36.285714285714285,0.2857142857142857
26023,347.85714285714283,2.2857142857142856,1.7142857142857142,0
13025,221.85714285714286,3.7142857142857144,5,0.14285714285714285
54007,8.714285714285714,0,0.14285714285714285,0
48039,6089.857142857143,45.142857142857146,142.85714285714286,2.5714285714285716
48041,4105.142857142857,47.857142857142854,48.57142857142857,-0.2857142857142857
21025,21.857142857142858,0,0.42857142857142855,0
21027,46,2.2857142857142856,0.7142857142857143,0
19017,180,8,4,0
12009,5496.571428571428,73.28571428571429,106,4.571428571428571
48043,193.85714285714286,1.4285714285714286,2.142857142857143,0.14285714285714285
48045,11.142857142857142,1.1428571428571428,0.2857142857142857,0
25005,10096.285714285714,704.2857142857143,26.714285714285715,1.1428571428571428
44001,330.42857142857144,0,1,0
51520,40.142857142857146,0,2.7142857142857144,0
2060,6.857142857142857,0,0,0
30007,10.714285714285714,0,0.14285714285714285,0
54009,51,0.14285714285714285,1.8571428571428572,0.14285714285714285
46011,124,0,0.8571428571428571,0
13027,353.2857142857143,14.285714285714286,6.857142857142857,0.14285714285714285
48047,75,0.5714285714285714,3.2857142857142856,0.14285714285714285
36007,1093.857142857143,71.42857142857143,10.714285714285714,0.5714285714285714
8014,430.2857142857143,36.42857142857143,3,0.14285714285714285
12011,53984,646.7142857142857,1297.142857142857,12.857142857142858
17009,13.428571428571429,0,0.14285714285714285,0
18013,69.85714285714286,1.1428571428571428,1.5714285714285714,0
20013,30.857142857142858,0,0,0
27015,76.57142857142857,2.2857142857142856,1.8571428571428572,0
31017,0,0,0,0
39015,92.28571428571429,1.1428571428571428,2.5714285714285716,0
46013,428.2857142857143,2.2857142857142856,2.4285714285714284,0
48049,352.2857142857143,16.571428571428573,6,0
55009,4238.714285714285,55.857142857142854,32.285714285714285,0.5714285714285714
46015,43.42857142857143,0,0,0
37019,1185.5714285714287,14.142857142857142,16.285714285714285,0.2857142857142857
51025,195,1.1428571428571428,3.2857142857142856,0
13029,503.57142857142856,6.714285714285714,14.285714285714286,0.14285714285714285
40013,337.2857142857143,1.1428571428571428,14.857142857142858,0
19019,98.85714285714286,1.1428571428571428,2.4285714285714284,0
29021,1154,11.142857142857142,5.285714285714286,0.14285714285714285
51027,70.42857142857143,0,1.4285714285714286,0
51029,674.4285714285714,6.857142857142857,0.7142857142857143,0
42017,7568.428571428572,655.7142857142857,43.42857142857143,0.14285714285714285
19021,2022.857142857143,13.714285714285714,2.7142857142857144,0
51530,44.857142857142854,0,2.2857142857142856,0
31019,308.14285714285717,1.1428571428571428,7.285714285714286,0
46017,119.57142857142857,3.4285714285714284,0.14285714285714285,0
55011,38.42857142857143,2.2857142857142856,1.1428571428571428,0
21029,280.57142857142856,4.571428571428571,8.857142857142858,0
13031,1019.5714285714286,10.571428571428571,21.857142857142858,0.42857142857142855
1011,464.85714285714283,12.428571428571429,3.7142857142857144,0.14285714285714285
37021,1561.4285714285713,49.57142857142857,40.285714285714285,0.5714285714285714
17011,80.85714285714286,2.2857142857142856,3.857142857142857,0
13033,356.42857142857144,8,15.285714285714286,0
37023,1630.5714285714287,28,21.285714285714285,0.42857142857142855
38013,13.142857142857142,0,0.8571428571428571,0
38015,817.5714285714286,3,34.857142857142854,0.2857142857142857
48051,243.71428571428572,1.2857142857142858,4.142857142857143,0.7142857142857143
34005,6355.714285714285,535.7142857142857,29.428571428571427,0.7142857142857143
48053,470.7142857142857,8.285714285714286,25.571428571428573,0.5714285714285714
55013,9.857142857142858,1.1428571428571428,1.1428571428571428,0
31021,19.142857142857142,0,-0.14285714285714285,0
1013,806.4285714285714,38.857142857142854,4.857142857142857,0.2857142857142857
19023,105.28571428571429,2.2857142857142856,2,0
20015,174.85714285714286,0,6.857142857142857,0
21031,325.57142857142856,16.142857142857142,0.8571428571428571,0.14285714285714285
29023,206.14285714285714,1.4285714285714286,8.428571428571429,0.2857142857142857
31023,60.714285714285715,0,0,0
39017,2679.8571428571427,61.57142857142857,42,0.8571428571428571
42019,616.2857142857143,16,9.857142857142858,0
6007,860.4285714285714,6.285714285714286,29.714285714285715,0.2857142857142857
46019,8.714285714285714,1.1428571428571428,0.14285714285714285,0
13035,453.7142857142857,41,7.142857142857143,0.14285714285714285
37025,2407.1428571428573,42.285714285714285,31.857142857142858,0.42857142857142855
54011,297.7142857142857,2.2857142857142856,8.714285714285714,0
72023,171.57142857142858,0,2.7142857142857144,0
22017,6264,302,102.28571428571429,0.8571428571428571
40015,302.7142857142857,13.285714285714286,10.285714285714286,0.14285714285714285
72025,550.5714285714286,0,14.857142857142858,0
6009,111,1.1428571428571428,0.7142857142857143,0
22019,5909,109.85714285714286,161.57142857142858,2.2857142857142856
21033,47.57142857142857,0,0.14285714285714285,0
22021,194.71428571428572,1.1428571428571428,3.2857142857142856,0
29025,30,1.1428571428571428,0.7142857142857143,0
37027,1043.142857142857,11.428571428571429,28.714285714285715,0.2857142857142857
48055,1101.7142857142858,11.428571428571429,24.714285714285715,1.7142857142857142
50005,28.714285714285715,0,0.14285714285714285,0
1015,1152.142857142857,6.857142857142857,51,0
5013,10,0,0.42857142857142855,0
12013,280,8,5.142857142857143,0
13037,205.42857142857142,6.857142857142857,0.5714285714285714,0
17013,5.571428571428571,0,0.2857142857142857,0
19025,83.14285714285714,2.2857142857142856,0.7142857142857143,0
26025,785.2857142857143,44.714285714285715,5,0.14285714285714285
28013,367.85714285714283,7.428571428571429,10.714285714285714,0.42857142857142855
45017,292.57142857142856,4,7.142857142857143,0.5714285714285714
48057,405.85714285714283,3.142857142857143,24.857142857142858,-0.14285714285714285
54013,6,0,0.14285714285714285,0
48059,42.857142857142854,2.5714285714285716,0.2857142857142857,0.14285714285714285
29027,102.71428571428571,1.1428571428571428,2.7142857142857144,0
21035,167.57142857142858,2.2857142857142856,2.857142857142857,0
55015,236.42857142857142,2.2857142857142856,4.428571428571429,0
24009,597.5714285714286,30.857142857142858,8.142857142857142,0
16025,1.1428571428571428,0,0,0
42021,235.14285714285714,3.4285714285714284,7.285714285714286,0
13039,541,4.142857142857143,18.714285714285715,0.14285714285714285
29029,202.42857142857142,3.142857142857143,18.142857142857142,0.14285714285714285
34007,9146.714285714286,645.7142857142857,42.857142857142854,1.2857142857142858
37029,57.714285714285715,2.2857142857142856,0.8571428571428571,0
22023,173.28571428571428,0,1.7142857142857142,0
42023,5.714285714285714,0,0,0
48061,8350,203,284,23.571428571428573
48063,207.14285714285714,2.857142857142857,3,0.2857142857142857
21037,508.7142857142857,14.857142857142858,8.428571428571429,0
46021,1.1428571428571428,0,0,0
47013,145.85714285714286,1.1428571428571428,7.142857142857143,0
51031,113.85714285714286,1.1428571428571428,5.285714285714286,0
56005,118.57142857142857,0,2,0
72027,88,0,2.7142857142857144,0
40017,906.8571428571429,4.714285714285714,32.42857142857143,0.14285714285714285
13043,187.28571428571428,1,6.857142857142857,0.14285714285714285
47015,100.28571428571429,0,4.285714285714286,0
72029,281.14285714285717,0,6.285714285714286,0
16027,4442.571428571428,29.428571428571427,120,1.7142857142857142
29031,590.1428571428571,3.4285714285714284,12.428571428571429,0
34009,890.4285714285714,97.57142857142857,5.714285714285714,0.5714285714285714
30009,50.57142857142857,0,0.8571428571428571,0
42025,392.2857142857143,32,3.4285714285714284,0
56007,67.57142857142857,0,3.857142857142857,0
16029,24,0,0,0
21039,18.714285714285715,1.1428571428571428,0.42857142857142855,0
27017,127,0,1.4285714285714286,0
72031,818.8571428571429,0,23,0
24011,443.42857142857144,3.4285714285714284,7,0
51033,191.85714285714286,4.571428571428571,1.8571428571428572,0
5015,355.2857142857143,6.857142857142857,5.285714285714286,0
13045,1713.5714285714287,48,32.42857142857143,0
17015,33.857142857142854,2.2857142857142856,1.7142857142857142,0
18015,138,2.2857142857142856,0.2857142857142857,0
19027,181.28571428571428,1.1428571428571428,3.2857142857142856,0
21041,151,2.2857142857142856,1.4285714285714286,0
24013,1539.5714285714287,131.85714285714286,15.142857142857142,0
28015,261.85714285714283,12.571428571428571,1.7142857142857142,0
29033,72.85714285714286,0,4.285714285714286,0
33003,89.71428571428571,1,1.5714285714285714,0.14285714285714285
39019,106.71428571428571,4.714285714285714,1.8571428571428572,0.14285714285714285
47017,132.85714285714286,2.2857142857142856,9.428571428571429,0
51035,332.57142857142856,11.571428571428571,2.857142857142857,0.14285714285714285
48065,11.571428571428571,0,0.14285714285714285,0
32510,309.14285714285717,7.857142857142857,4.285714285714286,0.14285714285714285
21043,89.42857142857143,1.1428571428571428,1.8571428571428572,0
29035,11.142857142857142,1.1428571428571428,0.14285714285714285,0
40019,278.14285714285717,3.4285714285714284,6.142857142857143,0
47019,310.85714285714283,3.2857142857142856,14.571428571428571,0.2857142857142857
37031,263,5.714285714285714,13,0
27019,734,2.2857142857142856,13.857142857142858,0
30013,115.71428571428571,2.2857142857142856,6.285714285714286,0
21045,147.85714285714286,9.428571428571429,3.2857142857142856,0.2857142857142857
17017,189.28571428571428,12.571428571428571,2.4285714285714284,0
18017,1944.857142857143,10.285714285714286,7.714285714285714,0
19029,39,0,0.8571428571428571,0
26027,287.2857142857143,9.285714285714286,5,0.14285714285714285
27021,44.285714285714285,2.2857142857142856,1.5714285714285714,0
29037,470,9.142857142857142,29,0
31025,151.57142857142858,1.1428571428571428,4.285714285714286,0
38017,3157.1428571428573,85.57142857142857,24,0.14285714285714285
48067,133.85714285714286,4.142857142857143,6.857142857142857,0.2857142857142857
16031,457.57142857142856,1.1428571428571428,7,0
48069,169.42857142857142,1.4285714285714286,2,0.14285714285714285
37033,195.42857142857142,2.2857142857142856,0.7142857142857143,0
22025,272.85714285714283,3.4285714285714284,1.4285714285714286,0
72033,131.85714285714286,0,4.714285714285714,0
37035,1916,22,29.285714285714285,0.42857142857142855
13047,504,9.142857142857142,9,0
35003,4.571428571428571,1.1428571428571428,0,0
36009,171.28571428571428,6.857142857142857,0.8571428571428571,0
38019,31,0,0.7142857142857143,0
72035,169,0,2.857142857142857,0
36011,156.42857142857142,2.2857142857142856,1.2857142857142858,0
24015,670.8571428571429,34.285714285714285,5.857142857142857,0
19031,122.28571428571429,1.1428571428571428,1,0
29039,34.42857142857143,0,0.42857142857142855,0
31027,22.857142857142858,0,0,0
72037,53.142857142857146,0,1.2857142857142858,0
42027,370.57142857142856,10.428571428571429,10.142857142857142,0.14285714285714285
19033,584,18,13.571428571428571,0.2857142857142857
8015,279.7142857142857,21.714285714285715,9.428571428571429,0
1017,874,41.142857142857146,6.714285714285714,0.7142857142857143
48071,904.2857142857143,4.857142857142857,13.857142857142858,-0.42857142857142855
17019,1546,19.571428571428573,23.142857142857142,0.14285714285714285
39021,91.57142857142857,1.1428571428571428,2.142857142857143,0
29041,14.857142857142858,0,0.2857142857142857,0
24017,1949.857142857143,102.85714285714286,18.571428571428573,0
51036,51.42857142857143,3.4285714285714284,0,0
46023,112.71428571428571,0,0.14285714285714285,0
45019,11861.42857142857,143.71428571428572,162.14285714285714,5.857142857142857
26029,48,2.2857142857142856,0.2857142857142857,0
12015,1863.7142857142858,94.28571428571429,40.57142857142857,0.2857142857142857
51037,50.857142857142854,0,1.1428571428571428,0
51540,462,9.142857142857142,10.571428571428571,0
13049,282,3,13.142857142857142,0.14285714285714285
20017,6.857142857142857,0,0,0
31029,4.571428571428571,0,0,0
13051,4660.571428571428,53,128.85714285714286,2
37037,1316.857142857143,54.857142857142854,10.285714285714286,0.2857142857142857
13053,580.4285714285714,1.1428571428571428,2,0
13055,145.42857142857142,2.2857142857142856,8.285714285714286,0
20019,5.714285714285714,0,0,0
36013,244.42857142857142,8.857142857142858,1.8571428571428572,0.2857142857142857
35005,289.2857142857143,4.571428571428571,9.428571428571429,0
47021,477.42857142857144,4.571428571428571,12,0
26031,37.57142857142857,2.2857142857142856,0.42857142857142855,0
53007,1002.1428571428571,8.571428571428571,26,0.2857142857142857
36015,180.85714285714286,2.7142857142857144,0.7142857142857143,0.14285714285714285
36017,225.85714285714286,6.857142857142857,2.142857142857143,0
1019,216.42857142857142,8,4.857142857142857,0
13057,2725.285714285714,58.42857142857143,53.857142857142854,0.2857142857142857
19035,107.14285714285714,1.1428571428571428,1,0
20021,73.57142857142857,1.1428571428571428,0.5714285714285714,0
37039,215.71428571428572,3,10.428571428571429,0.14285714285714285
40021,240.57142857142858,1.1428571428571428,14.428571428571429,0
45021,500.42857142857144,18.714285714285715,20.285714285714285,1.2857142857142858
48073,699.5714285714286,2.857142857142857,21.285714285714285,0.2857142857142857
31031,4.285714285714286,0,0.2857142857142857,0
51550,2316,28,69.42857142857143,0.2857142857142857
33005,92.57142857142857,2.2857142857142856,0.7142857142857143,0
42029,5232.428571428572,391.42857142857144,51.142857142857146,0.2857142857142857
45023,493.14285714285717,7.714285714285714,14.285714285714286,0.2857142857142857
47023,159.71428571428572,0,5.714285714285714,0
45025,681.7142857142857,21,12.571428571428571,0.42857142857142855
51041,4196.857142857143,75,36.857142857142854,0.14285714285714285
8017,8.571428571428571,0,0,0
20023,2.2857142857142856,0,0,0
31033,25.714285714285715,0,0.2857142857142857,0
19037,49.857142857142854,0,1.2857142857142858,0
28017,427.2857142857143,21.714285714285715,6.857142857142857,0
5017,335.7142857142857,3.857142857142857,9.571428571428571,0.14285714285714285
48075,20,0,2.5714285714285716,0
1021,633.7142857142857,4.714285714285714,17.571428571428573,0.2857142857142857
26033,29.571428571428573,0,0.2857142857142857,0
27023,100.71428571428571,1.1428571428571428,0.42857142857142855,0
55017,209.85714285714286,0,4.714285714285714,0
27025,165,1.1428571428571428,4,0
50007,807.7142857142857,44.57142857142857,2.7142857142857144,0
1023,288.7142857142857,13.714285714285714,3.7142857142857144,0
28019,117.57142857142857,4.571428571428571,2.2857142857142856,0
40023,173,1.1428571428571428,1.4285714285714286,0
30015,3.4285714285714284,0,0,0
37041,98.14285714285714,0,5.857142857142857,0
17021,81.42857142857143,4.571428571428571,3.4285714285714284,0
21047,448.2857142857143,5.142857142857143,7.714285714285714,0.14285714285714285
29043,185.14285714285714,1.1428571428571428,12,0
32001,45.714285714285715,1.1428571428571428,1.1428571428571428,0
72039,110,0,3.7142857142857144,0
35006,328.42857142857144,19.428571428571427,3,0
72041,130.57142857142858,0,3.5714285714285716,0
40025,1.1428571428571428,0,0,0
12017,1158.857142857143,21.857142857142858,35.57142857142857,0.42857142857142855
41005,1406.7142857142858,38.714285714285715,20,0.42857142857142855
22027,218.42857142857142,11.428571428571429,3.2857142857142856,0
28021,423.7142857142857,13.571428571428571,4.428571428571429,0.14285714285714285
47025,167.14285714285714,0,6.428571428571429,0
53009,86.28571428571429,0,2,0
26035,53.57142857142857,3.4285714285714284,2,0
45027,744.5714285714286,55.285714285714285,15.714285714285714,0.2857142857142857
42031,81.28571428571429,2.2857142857142856,0.42857142857142855,0
5019,143,0,5.714285714285714,0
16033,1.1428571428571428,0,0,0
17023,62.142857142857146,0,1.8571428571428572,0
18019,1002.7142857142857,51.42857142857143,20.571428571428573,0
20025,45.142857142857146,1.1428571428571428,0.42857142857142855,0
21049,144.57142857142858,8,1.4285714285714286,0
29045,2.2857142857142856,0,0,0
32003,40385.142857142855,676.5714285714286,929.8571428571429,10.428571428571429
39023,1116.5714285714287,12.714285714285714,14.142857142857142,0.14285714285714285
46025,18.285714285714285,0,0,0
53011,1499.5714285714287,38.142857142857146,17.428571428571427,0.5714285714285714
55019,175.28571428571428,8,2.7142857142857144,0
1025,484,9.857142857142858,6.428571428571429,0.2857142857142857
13059,1602,17.142857142857142,31.571428571428573,0
19039,180.57142857142858,3.4285714285714284,1.2857142857142858,0
28023,308.85714285714283,28.571428571428573,3.5714285714285716,0
51043,72.42857142857143,0,0,0
41007,78,0,0.5714285714285714,0
1027,172.71428571428572,3.2857142857142856,6.428571428571429,0.2857142857142857
5021,114.28571428571429,4.428571428571429,1.5714285714285714,0.14285714285714285
12019,2766.8571428571427,52.42857142857143,59.714285714285715,0.5714285714285714
13061,78.28571428571429,2.2857142857142856,0.2857142857142857,0
17025,10.571428571428571,0,0.14285714285714285,0
18021,91.14285714285714,5.714285714285714,2.142857142857143,0
19041,187.42857142857142,1.1428571428571428,0.8571428571428571,0
20027,16.857142857142858,2.2857142857142856,0.5714285714285714,0
21051,147.57142857142858,4.571428571428571,2.4285714285714284,0
27027,794.1428571428571,44.57142857142857,5.571428571428571,0
28025,375.2857142857143,14.857142857142858,5.857142857142857,0
29047,803.4285714285714,19.857142857142858,19.714285714285715,0.8571428571428571
31035,48.714285714285715,0,0.8571428571428571,0
37043,59.42857142857143,0,3,0
46027,118,0,1.1428571428571428,0
47027,47.42857142857143,0,1.8571428571428572,0
48077,26.428571428571427,0.2857142857142857,1,0.14285714285714285
54015,19.428571428571427,1.1428571428571428,0,0
13063,4415.857142857143,103.28571428571429,87,1.1428571428571428
19043,84.57142857142857,3.4285714285714284,3.142857142857143,0
8019,28.428571428571427,1.1428571428571428,0.2857142857142857,0
42033,127.42857142857143,0,2.2857142857142856,0
16035,14.428571428571429,0,1,0
27029,16.285714285714285,0,0.14285714285714285,0
1029,104.42857142857143,1.1428571428571428,3.5714285714285716,0
5023,192.57142857142858,5.714285714285714,2.2857142857142856,0
39025,801.4285714285714,10.571428571428571,13.714285714285714,0.14285714285714285
5025,62.142857142857146,0.7142857142857143,2.2857142857142856,0.14285714285714285
37045,914.5714285714286,14.285714285714286,26.285714285714285,0.2857142857142857
40027,2285.5714285714284,46.42857142857143,64.14285714285714,0.2857142857142857
13065,173,4.571428571428571,4.142857142857143,0
17027,334.2857142857143,19.428571428571427,5.428571428571429,0
18023,365.2857142857143,3.4285714285714284,2.142857142857143,0
19045,246.14285714285714,2.2857142857142856,9,0
21053,17.428571428571427,0,0.42857142857142855,0
26037,401.7142857142857,13.714285714285714,6.857142857142857,0
29049,56.714285714285715,0,2.142857142857143,0
36019,134.42857142857142,4.571428571428571,1.2857142857142858,0
39027,141.42857142857142,4.714285714285714,3,0.2857142857142857
42035,122.57142857142857,5.714285714285714,0.8571428571428571,0
20029,30.285714285714285,0,0.2857142857142857,0
28027,575.4285714285714,8,17.714285714285715,0
40029,25.571428571428573,0,1.1428571428571428,0
72043,99.14285714285714,0,3.857142857142857,0
13067,11092,321.85714285714283,242,3.5714285714285716
4003,1540.7142857142858,42.714285714285715,19.285714285714285,2
48079,12.142857142857142,0,0.7142857142857143,0
47029,308.42857142857144,1.1428571428571428,13.428571428571429,0
4005,3219.5714285714284,126,19.285714285714285,0.7142857142857143
46029,125.14285714285714,0,0.7142857142857143,0
1031,691.2857142857143,5.428571428571429,13.571428571428571,0.14285714285714285
13069,1318.857142857143,24.571428571428573,23.571428571428573,0.5714285714285714
47031,298.14285714285717,0,14,0
20031,71.28571428571429,9.142857142857142,0.5714285714285714,0
48081,27.142857142857142,1.1428571428571428,3.5714285714285716,0
1033,978.5714285714286,11.714285714285714,20.857142857142858,0.2857142857142857
29051,238.42857142857142,2.2857142857142856,11.571428571428571,0
48083,9.571428571428571,0,0.42857142857142855,0
17029,329.14285714285717,19.857142857142858,10.285714285714286,0.42857142857142855
31037,785.7142857142857,4.571428571428571,0.2857142857142857,0
35007,13.428571428571429,1.1428571428571428,0.2857142857142857,0
45029,736.7142857142857,33.42857142857143,12.714285714285714,0.14285714285714285
12021,9826.57142857143,132.28571428571428,141.85714285714286,1.5714285714285714
48085,6508.571428571428,79.14285714285714,68.85714285714286,0.2857142857142857
48087,6.857142857142857,0,0,0
51570,195,22.857142857142858,1.1428571428571428,0
48089,255.85714285714286,0.42857142857142855,3.142857142857143,0.14285714285714285
13071,1598.857142857143,23.571428571428573,9.857142857142858,0.14285714285714285
5027,180.14285714285714,5.857142857142857,4,0.14285714285714285
12023,2209.1428571428573,9.714285714285714,118.42857142857143,0.7142857142857143
13073,1639.4285714285713,19.857142857142858,45,0.42857142857142855
36021,570.5714285714286,42.285714285714285,1.2857142857142858,0
41009,76.42857142857143,0,1,0
42037,509.14285714285717,40,2.4285714285714284,0
53013,12.714285714285714,0,0.42857142857142855,0
55021,209.57142857142858,1.1428571428571428,4.571428571428571,0
39029,1701.857142857143,69.14285714285714,5.857142857142857,-0.2857142857142857
37047,844.2857142857143,47.57142857142857,7.714285714285714,0.5714285714285714
6011,297.14285714285717,2,8.285714285714286,0.2857142857142857
48091,1697.142857142857,52.285714285714285,31.714285714285715,2.5714285714285716
20033,3.4285714285714284,0,0,0
40031,746,10.285714285714286,16.571428571428573,0
48093,229,2.5714285714285716,5.142857142857143,0.14285714285714285
72045,102.57142857142857,0,1.5714285714285714,0
48095,24.285714285714285,0.2857142857142857,0.5714285714285714,0.14285714285714285
22029,254.42857142857142,8,5,0
1035,367,10.285714285714286,6.428571428571429,0
8021,24.285714285714285,0,0,0
6013,7609.285714285715,118.42857142857143,196.14285714285714,0.8571428571428571
56009,34.285714285714285,0,0,0
5029,136.85714285714286,3.4285714285714284,1.2857142857142858,0
13075,372,5.714285714285714,7,0
17031,116111.57142857143,5511.285714285715,568.1428571428571,9.857142857142858
27031,2.2857142857142856,0,0,0
48097,191.71428571428572,0.8571428571428571,4.142857142857143,0.42857142857142855
29053,52.42857142857143,0,4.428571428571429,0
33007,17.428571428571427,0,0.2857142857142857,0
41011,87.28571428571429,0,1.4285714285714286,0
1037,91.14285714285714,2,2,0.14285714285714285
28029,924.4285714285714,23.857142857142858,10.714285714285714,0.14285714285714285
72047,119,0,5,0
46031,27,0,0.14285714285714285,0
36023,93.85714285714286,0,2.2857142857142856,0
48099,592.4285714285714,4,18.571428571428573,0.2857142857142857
39031,195.85714285714286,5.285714285714286,1.8571428571428572,0.14285714285714285
8023,25.142857142857142,0,0,0
48101,7.714285714285714,1.4285714285714286,0.42857142857142855,0.14285714285714285
40033,16.714285714285715,2.2857142857142856,0.7142857142857143,0
27033,177.57142857142858,0,1.2857142857142858,0
1039,697.4285714285714,20.428571428571427,10.714285714285714,0.42857142857142855
28031,590.5714285714286,8.857142857142858,10.428571428571429,0.14285714285714285
51580,9.428571428571429,0,0.42857142857142855,0
13077,1304.2857142857142,19.428571428571427,27.285714285714285,0
20035,145.42857142857142,2.2857142857142856,3.142857142857143,0
53015,443,3.4285714285714284,7.142857142857143,0.42857142857142855
40035,56.57142857142857,0,3,0
51045,13.714285714285714,0,0.5714285714285714,0
5031,1034.5714285714287,9.714285714285714,30.142857142857142,0.42857142857142855
48103,74.42857142857143,9.142857142857142,0.14285714285714285,-1.1428571428571428
37049,654,9.142857142857142,11.714285714285714,0
5033,484.7142857142857,3.4285714285714284,14.714285714285714,0
13079,88.14285714285714,0,2.142857142857143,0
17033,32.42857142857143,0,0.5714285714285714,0
18025,43.857142857142854,0,0.42857142857142855,0
19047,792.1428571428571,3.4285714285714284,2,0
20037,406.42857142857144,1.1428571428571428,3.2857142857142856,0
26039,105.57142857142857,5.714285714285714,0.8571428571428571,0
29055,37.142857142857146,0,0.42857142857142855,0
39033,177.28571428571428,5.714285714285714,0.8571428571428571,0
42039,132.71428571428572,1.1428571428571428,0.8571428571428571,0
55023,57.714285714285715,0,0.7142857142857143,0
40037,397.57142857142856,12.142857142857142,20.285714285714285,0.42857142857142855
1041,249.71428571428572,3.4285714285714284,5.142857142857143,0
13081,395.14285714285717,15.571428571428571,1.1428571428571428,0.14285714285714285
5035,1206.142857142857,18,20.142857142857142,0.2857142857142857
21055,25.428571428571427,1.1428571428571428,0.2857142857142857,0
47033,160.14285714285714,3.4285714285714284,8.428571428571429,0
48105,148.57142857142858,2.2857142857142856,3.5714285714285716,0.14285714285714285
41013,35.57142857142857,1.1428571428571428,0.7142857142857143,0
56011,10.285714285714286,0,0,0
48107,48.714285714285715,3.142857142857143,2.142857142857143,-0.14285714285714285
5037,159.42857142857142,1.1428571428571428,4.857142857142857,0
27035,172,13.714285714285714,4.285714285714286,0
8025,82.42857142857143,1.1428571428571428,0,0
48109,15.714285714285714,1.4285714285714286,0.2857142857142857,0.14285714285714285
72049,15.428571428571429,0,0.7142857142857143,0
1043,1051.2857142857142,9.285714285714286,22.857142857142858,0.42857142857142855
51047,1049.2857142857142,13.714285714285714,3.2857142857142856,0
17035,43.714285714285715,1.7142857142857142,0.2857142857142857,0.14285714285714285
21057,27.428571428571427,0,1.4285714285714286,0
23005,2280,77.71428571428571,7.571428571428571,0
34011,3563.714285714286,176.42857142857142,11.142857142857142,0.2857142857142857
37051,2568.1428571428573,55.42857142857143,65.28571428571429,0.2857142857142857
42041,1256,79.57142857142857,17,0.14285714285714285
47035,339.2857142857143,6.857142857142857,9.142857142857142,0
51049,69,0,0.42857142857142855,0
31039,52.285714285714285,0,0.8571428571428571,0
37053,69.28571428571429,0,2.4285714285714284,0
35009,410.85714285714283,1.8571428571428572,11.857142857142858,0.14285714285714285
41015,14,0,0.5714285714285714,0
8027,11.428571428571429,0,0,0
16037,8,0,0,0
30017,51.142857142857146,0.2857142857142857,0.8571428571428571,0.2857142857142857
31041,47.142857142857146,4.571428571428571,0.42857142857142855,0
40039,163.57142857142858,0,5.857142857142857,0
46033,12.714285714285714,0,0.14285714285714285,0
39035,13065.714285714286,508.57142857142856,158.57142857142858,4.142857142857143
13083,106.42857142857143,1.1428571428571428,1.7142857142857142,0
29057,10.571428571428571,0,1,0
27037,3840.285714285714,115.85714285714286,61,0.2857142857142857
31043,2152.5714285714284,43.857142857142854,2.857142857142857,0.2857142857142857
1045,727,14.571428571428571,22.285714285714285,1.8571428571428572
48111,192,2.7142857142857144,3.2857142857142856,0.5714285714285714
1047,1349,20.857142857142858,9.285714285714286,1.1428571428571428
5039,35.857142857142854,0,4,0
19049,1872.5714285714287,38.857142857142854,13.714285714285714,0
29059,42.285714285714285,1.1428571428571428,1.7142857142857142,0
48113,51818.857142857145,671.4285714285714,714.5714285714286,12.142857142857142
55025,4286.571428571428,38.142857142857146,45.42857142857143,0.2857142857142857
51590,271.14285714285717,3.4285714285714284,10.428571428571429,0
37055,197.57142857142858,1.1428571428571428,3.142857142857143,0
39037,313.2857142857143,29.714285714285715,2.142857142857143,0
45031,954,29.571428571428573,23.714285714285715,1.5714285714285714
42043,2871.1428571428573,174.14285714285714,19.857142857142858,0.42857142857142855
37057,1714.857142857143,18.285714285714285,15.142857142857142,0
47037,19888.285714285714,208.14285714285714,261.7142857142857,3.142857142857143
37059,347.2857142857143,4.571428571428571,2.7142857142857144,0
18027,221.28571428571428,20.714285714285715,5.428571428571429,0.2857142857142857
21059,712,8,10.714285714285714,0
29061,18.571428571428573,0,0.42857142857142855,0
19051,54.142857142857146,1.1428571428571428,0.2857142857142857,0
49011,2985.8571428571427,11.571428571428571,52.714285714285715,0.5714285714285714
46035,88,0,1.4285714285714286,0
31045,4.571428571428571,0,0,0
13085,258.42857142857144,3.4285714285714284,5.571428571428571,0
30021,10.142857142857142,0,0.14285714285714285,0
31047,1034,9.857142857142858,4.285714285714286,0.14285714285714285
48115,135,2,3,0.42857142857142855
46037,23.285714285714285,0,0.2857142857142857,0
35011,0,0,0,0
22031,634.2857142857143,26.714285714285715,10.142857142857142,0.14285714285714285
17039,28,0,0.2857142857142857,0
1049,1645.142857142857,10,25.857142857142858,0.14285714285714285
13089,12337,231,220.57142857142858,2.5714285714285716
17037,867.4285714285714,27.428571428571427,10.142857142857142,0.2857142857142857
18033,219.28571428571428,4.571428571428571,3.7142857142857144,0
29063,28.857142857142858,1.1428571428571428,1.1428571428571428,0
47041,239,1.1428571428571428,12.142857142857142,0
12027,1320.857142857143,16,18.285714285714285,0
28033,3014.4285714285716,23.714285714285715,27.714285714285715,0.14285714285714285
48123,520,13,27.857142857142858,0.7142857142857143
48117,570.4285714285714,20.428571428571427,7.285714285714286,-0.14285714285714285
18029,437.42857142857144,29.714285714285715,10.714285714285714,0.2857142857142857
13087,540.8571428571429,9.142857142857142,20.428571428571427,0
18031,312.2857142857143,36.57142857142857,2.7142857142857144,0
19053,18.857142857142858,0,0.2857142857142857,0
20039,5.571428571428571,0,0.14285714285714285,0
47039,103.14285714285714,0,6.857142857142857,0
30023,13.142857142857142,0,0.8571428571428571,0
39039,116.42857142857143,4.571428571428571,5.428571428571429,0
6015,94.57142857142857,0,2.857142857142857,0
18035,619.8571428571429,59.42857142857143,8.142857142857142,0
19055,84.28571428571429,1.1428571428571428,1.8571428571428572,0
36025,110.14285714285714,4.571428571428571,0.8571428571428571,0
39041,1175.2857142857142,18.714285714285715,19.428571428571427,0.2857142857142857
40041,391.85714285714283,21.714285714285715,11.285714285714286,0
42045,9364.142857142857,775.8571428571429,75.28571428571429,1.1428571428571428
8029,108.85714285714286,1.1428571428571428,1.4285714285714286,0
26041,65.57142857142857,3.4285714285714284,1.4285714285714286,0
48119,13.571428571428571,0,0.14285714285714285,0
2068,1.1428571428571428,0,0,0
29065,10.571428571428571,0,-0.14285714285714285,0
48121,6566.857142857143,59.42857142857143,158.57142857142858,3.7142857142857144
8031,10268.42857142857,461.2857142857143,122.14285714285714,1.1428571428571428
19057,143.71428571428572,2.2857142857142856,2.142857142857143,0
41017,488.14285714285717,2.857142857142857,14.285714285714286,0.5714285714285714
5041,142.28571428571428,1.2857142857142858,2.4285714285714284,0.14285714285714285
31049,1.1428571428571428,0,0,0
46039,7.428571428571429,0,0.42857142857142855,0
40043,5.428571428571429,0,0,0
46041,57.857142857142854,0,1.1428571428571428,0
48125,4.571428571428571,0.2857142857142857,0,0.14285714285714285
51051,14.285714285714286,0,0.8571428571428571,0
38021,9.571428571428571,0,0.2857142857142857,0
19059,404.7142857142857,4.571428571428571,2.2857142857142856,0
20041,40.714285714285715,1.1428571428571428,0.7142857142857143,0
26043,44.857142857142854,2.2857142857142856,1.1428571428571428,0
47043,519.8571428571429,0.2857142857142857,16,0.14285714285714285
45033,553.5714285714286,23.285714285714285,8.714285714285714,0.2857142857142857
48127,90.57142857142857,0,5.428571428571429,0
51053,202.85714285714286,2.2857142857142856,3.4285714285714284,0
11001,13353.714285714286,664.1428571428571,74,0.42857142857142855
38023,1.1428571428571428,0,0,0
12029,249.57142857142858,4.571428571428571,5.571428571428571,0
31051,64,2.2857142857142856,0,0
13091,219.57142857142858,2.2857142857142856,4.428571428571429,0
27039,133.57142857142858,0,0.7142857142857143,0
31053,841.1428571428571,9.142857142857142,3.4285714285714284,0
55027,689.5714285714286,5.714285714285714,7.142857142857143,0
8033,1.7142857142857142,0,-0.14285714285714285,0
35013,2214,18.142857142857142,42.285714285714285,0.7142857142857143
20043,47,0,1,0
48129,43.285714285714285,0,1,0
13093,262.57142857142856,16,1.1428571428571428,0
55029,90.57142857142857,3.4285714285714284,1,0
72051,230.57142857142858,0,5.428571428571429,0
24019,341.57142857142856,5.714285714285714,10.428571428571429,0
45035,2704.4285714285716,32.57142857142857,49.285714285714285,2.4285714285714284
13095,2775.1428571428573,183.85714285714286,21.428571428571427,1.1428571428571428
8035,1683.142857142857,63.285714285714285,25.857142857142858,0.2857142857142857
13097,2260.1428571428573,51,44.57142857142857,0.7142857142857143
17041,105.71428571428571,1,2.4285714285714284,0.2857142857142857
20045,660.7142857142857,2,11.142857142857142,0.2857142857142857
27041,126.71428571428571,0,1.8571428571428572,0
29067,46.857142857142854,1.2857142857142858,3.142857142857143,0.14285714285714285
31055,10718.285714285714,137.14285714285714,130,1
32005,141.71428571428572,0,5.428571428571429,0
41019,123,1.1428571428571428,4.142857142857143,0
46043,18,0,0.14285714285714285,0
53017,700,5.857142857142857,19.571428571428573,0.2857142857142857
55031,98.57142857142857,0,3,0
5043,148.57142857142858,2.2857142857142856,4.285714285714286,0
17043,12268.142857142857,577.2857142857143,84.42857142857143,1.4285714285714286
18037,589.2857142857143,10.428571428571429,17.714285714285715,0.42857142857142855
19061,1510.4285714285713,29.142857142857142,21,0.2857142857142857
31057,0.5714285714285714,0,0,0
29069,215.28571428571428,3.4285714285714284,8.285714285714286,0
38025,30,0,-0.14285714285714285,0
55033,95.28571428571429,0,3.4285714285714284,0
37061,2107.8571428571427,44.57142857142857,14.285714285714286,1
37063,6150.428571428572,85.71428571428571,56.857142857142854,0.42857142857142855
36027,5042.714285714285,174.71428571428572,9.571428571428571,0.14285714285714285
12031,21691.571428571428,144.85714285714286,370.57142857142856,5.857142857142857
48131,136.85714285714286,0.2857142857142857,5.285714285714286,0.14285714285714285
47045,477.85714285714283,5.714285714285714,10.571428571428571,0
8037,1061.5714285714287,10.285714285714286,18.285714285714285,0
13099,379.85714285714283,35.42857142857143,-0.2857142857142857,0
22033,10764.285714285714,347.7142857142857,207.85714285714286,3.5714285714285716
22035,554.1428571428571,1.1428571428571428,1,0
22037,505.7142857142857,39.57142857142857,11,0.14285714285714285
48133,42.714285714285715,0.2857142857142857,1,0.14285714285714285
26045,464.7142857142857,8,6.142857142857143,0
55035,486.14285714285717,3.142857142857143,4.857142857142857,0.14285714285714285
13101,247.28571428571428,0,1,0
48135,3201.5714285714284,41.42857142857143,105,1.2857142857142858
35015,244.85714285714286,2.4285714285714284,5.285714285714286,0.14285714285714285
38027,9.714285714285714,0,1.1428571428571428,0
17045,25.285714285714285,0,1,0
37065,568.2857142857143,11.428571428571429,10,0
45037,238.57142857142858,5.857142857142857,9.142857142857142,0.2857142857142857
21061,98.42857142857143,13.714285714285714,0.42857142857142855,0
46045,11.428571428571429,0,0,0
17047,7,0,0.14285714285714285,0
20047,10.142857142857142,0,0.2857142857142857,0
48137,23,0,1,0
13103,570.4285714285714,1.1428571428571428,17.285714285714285,0
17049,65.28571428571429,1.1428571428571428,3,0
6017,580.7142857142857,1.1428571428571428,13,0
8041,4548.571428571428,142.14285714285714,82.71428571428571,0.7142857142857143
48141,14656,241.85714285714286,215.85714285714286,4.714285714285714
8039,87.71428571428571,2.2857142857142856,1.1428571428571428,0
13105,310.85714285714283,1.1428571428571428,7.571428571428571,0
20049,1.1428571428571428,0,0,0
42047,44.142857142857146,2.2857142857142856,0.2857142857142857,0
18039,4870.571428571428,80,45.57142857142857,0.5714285714285714
32007,435,2.2857142857142856,12.142857142857142,0
21063,8.142857142857142,0,0,0
20051,117.57142857142857,0,3.5714285714285716,0
40045,3,0,0.2857142857142857,0
48139,2536.285714285714,27.285714285714285,34.57142857142857,1.7142857142857142
20053,17.428571428571427,0,0.14285714285714285,0
1051,1596.5714285714287,37.57142857142857,26.428571428571427,1
16039,159.28571428571428,2.2857142857142856,3.857142857142857,0
13107,352,5.428571428571429,14,0
19063,154.42857142857142,0.7142857142857143,4,0.14285714285714285
26047,58.285714285714285,2.2857142857142856,1.1428571428571428,0
38029,13.428571428571429,1.1428571428571428,0.7142857142857143,0
51595,179.28571428571428,17.142857142857142,1.5714285714285714,0
48143,418.42857142857144,4,5.571428571428571,0.2857142857142857
36029,9419.42857142857,756.8571428571429,36.857142857142854,0.8571428571428571
39043,477.7142857142857,26.285714285714285,11.142857142857142,0.2857142857142857
42049,959,16.285714285714285,9.428571428571429,0.2857142857142857
1053,887.2857142857143,16.428571428571427,26.142857142857142,0
12033,7685.857142857143,85.28571428571429,168,3.2857142857142856
32009,0,0,0,0
25009,19318.285714285714,1326,35.57142857142857,3.4285714285714284
34013,22005.14285714286,2398,31.857142857142858,1.1428571428571428
36031,61.57142857142857,0,0.5714285714285714,0
50009,4.571428571428571,0,0,0
51057,83,0.5714285714285714,0.42857142857142855,0.14285714285714285
21065,10.428571428571429,0,0.2857142857142857,0
1055,1796.2857142857142,18.428571428571427,43,0.2857142857142857
32011,2.2857142857142856,0,0,0
22039,687,2.2857142857142856,18.857142857142858,0
13109,171,0.8571428571428571,11.428571428571429,0.14285714285714285
2090,403.57142857142856,4,8.142857142857142,0.42857142857142855
51059,17423.14285714286,587.1428571428571,73.57142857142857,1.2857142857142858
51600,85,8,0.5714285714285714,0
9001,19812.428571428572,1601.4285714285713,53,0.5714285714285714
39045,1172.5714285714287,21.714285714285715,24,0.42857142857142855
45039,540.5714285714286,26.285714285714285,6.428571428571429,0
72053,173.14285714285714,0,4.857142857142857,0
46047,16,0,0,0
30025,1.7142857142857142,0,0.14285714285714285,0
48145,108.71428571428571,0.2857142857142857,4.428571428571429,0.14285714285714285
51610,62.285714285714285,6.857142857142857,-0.14285714285714285,0
13111,255.28571428571428,2.2857142857142856,6.285714285714286,0
48147,210.28571428571428,8.857142857142858,3,-0.14285714285714285
27043,83.85714285714286,0,0.42857142857142855,0
46049,28.714285714285715,1.1428571428571428,0.2857142857142857,0
5045,1175.5714285714287,4.571428571428571,25.714285714285715,0
51061,633.5714285714286,9.142857142857142,4.571428571428571,0
1057,153.28571428571428,5.714285714285714,4.142857142857143,0
13113,882,25.428571428571427,23.142857142857142,0.2857142857142857
17051,47.142857142857146,3.4285714285714284,0.7142857142857143,0
18041,148.14285714285714,8,2.2857142857142856,0
19065,79.14285714285714,0,1,0
21067,2661.5714285714284,49,46.42857142857143,0.5714285714285714
39047,76.42857142857143,0,1.2857142857142858,0
42051,347.14285714285717,4.571428571428571,8.142857142857142,0
47047,594.8571428571429,9,10.285714285714286,0.14285714285714285
48149,369.57142857142856,7.857142857142857,15.714285714285714,1.1428571428571428
54019,126.57142857142857,5.428571428571429,2.7142857142857144,0.14285714285714285
47049,57.57142857142857,0,2.2857142857142856,0
30027,4.714285714285714,0,0.14285714285714285,0
53019,9,0,0.7142857142857143,0
27045,59.857142857142854,0,1.2857142857142858,0
31059,23.857142857142858,1,0.14285714285714285,-0.14285714285714285
20055,1908.4285714285713,11.428571428571429,6.428571428571429,0
48151,26.142857142857142,1.1428571428571428,0.14285714285714285,0
12035,870,9.142857142857142,22.142857142857142,0.42857142857142855
30029,196.71428571428572,2.2857142857142856,8.428571428571429,0
21069,49.285714285714285,0,0.8571428571428571,0
45041,2720.1428571428573,88.42857142857143,67.85714285714286,3
55037,5.857142857142857,0,0,0
72054,115.14285714285714,0,5,0
13115,1135.5714285714287,17.142857142857142,30.571428571428573,0
18043,630.7142857142857,50.285714285714285,15.428571428571429,0
19067,109,2.2857142857142856,0.14285714285714285,0
21071,79.57142857142857,1.1428571428571428,2,0
48153,74.42857142857143,4.571428571428571,1.4285714285714286,0
51063,31.285714285714285,1.1428571428571428,0.14285714285714285,0
51065,180.28571428571428,9.142857142857142,2.2857142857142856,0
48155,2,0,0,0
55039,545.7142857142857,7,7.428571428571429,0.14285714285714285
17053,40.714285714285715,1.1428571428571428,0.7142857142857143,0
20057,2283.1428571428573,9.142857142857142,2.142857142857143,0
42053,8.285714285714286,0,0.2857142857142857,0
55041,62.42857142857143,4.571428571428571,1,0
28035,1545.142857142857,52.42857142857143,33.142857142857146,0.42857142857142855
13117,1781.2857142857142,18.428571428571427,39.57142857142857,0.14285714285714285
37067,5120.571428571428,47.285714285714285,51,0.42857142857142855
48157,7365.285714285715,102.71428571428571,111,7.714285714285714
38031,7.857142857142857,0,1.1428571428571428,0
18045,57.714285714285715,2.2857142857142856,2,0
1059,1221.857142857143,20.428571428571427,9.571428571428571,0.5714285714285714
5047,79.28571428571429,1.2857142857142858,3.7142857142857144,0.14285714285714285
12037,97.28571428571429,1,2.142857142857143,0.14285714285714285
13119,363.2857142857143,3.4285714285714284,4.428571428571429,0
16041,46,0,1.2857142857142858,0
17055,105,0,3.7142857142857144,0
18047,188.42857142857142,9.142857142857142,3.5714285714285716,0
19069,186.71428571428572,3.142857142857143,4.285714285714286,0.2857142857142857
20059,146.42857142857142,1.1428571428571428,2.857142857142857,0
21073,235.85714285714286,5.714285714285714,4.714285714285714,0
22041,785.7142857142857,18.142857142857142,12.857142857142858,0.14285714285714285
23007,51.42857142857143,1.1428571428571428,0.14285714285714285,0
25011,449.2857142857143,66.42857142857143,1.1428571428571428,0.2857142857142857
28037,94.42857142857143,2.2857142857142856,2.857142857142857,0
29071,488.2857142857143,20.571428571428573,12.428571428571429,0
31061,9.428571428571429,0,0.14285714285714285,0
36033,49.285714285714285,0,0.7142857142857143,0
37069,767.1428571428571,27.571428571428573,16,0.2857142857142857
39049,17513.714285714286,555.7142857142857,230,3
42055,1332.5714285714287,52.57142857142857,18.142857142857142,0
47051,215.28571428571428,3.4285714285714284,7.428571428571429,0
48159,85.57142857142857,1.1428571428571428,1.5714285714285714,0
50011,129.14285714285714,6.857142857142857,0.5714285714285714,0
51067,156,1.1428571428571428,3,0
53021,3396.1428571428573,50.42857142857143,39.57142857142857,0.2857142857142857
51620,117.14285714285714,4.714285714285714,2.5714285714285716,0.14285714285714285
24021,3260.5714285714284,137.14285714285714,20.857142857142858,0
51069,713.7142857142857,8,6.285714285714286,0
51630,361,1.7142857142857142,5.428571428571429,0.2857142857142857
27047,383.7142857142857,1.1428571428571428,2.142857142857143,0
48161,139.42857142857142,0,4.142857142857143,0
8043,98.71428571428571,0,2.2857142857142856,0
16043,40,0,1.5714285714285714,0
19071,23.285714285714285,0,1.5714285714285714,0
56013,509.57142857142856,0,3.857142857142857,0
6019,13883.857142857143,124.57142857142857,319.85714285714283,1.1428571428571428
48163,471.85714285714283,2.5714285714285716,7.428571428571429,0.5714285714285714
31063,3.4285714285714284,0,0,0
5049,25.857142857142858,0,0.7142857142857143,0
13121,17412.714285714286,415.2857142857143,386.14285714285717,3.5714285714285716
17057,25.285714285714285,0,0.42857142857142855,0
18049,123.42857142857143,1.2857142857142858,3.2857142857142856,-0.14285714285714285
21075,44.57142857142857,1.1428571428571428,1.4285714285714286,0
36035,307.14285714285717,27.428571428571427,0.42857142857142855,0
39051,127.28571428571429,0,4.428571428571429,0
42057,23.142857142857142,1.8571428571428572,0.2857142857142857,0.14285714285714285
31065,14.285714285714286,1.1428571428571428,0.2857142857142857,0
12039,1250,14.285714285714286,44.57142857142857,0.14285714285714285
31067,83.28571428571429,4.571428571428571,0.8571428571428571,0
48165,92.57142857142857,0,5.571428571428571,0
51640,359.85714285714283,18.285714285714285,3,0
17059,35,0,2.5714285714285716,0
21077,87,9.142857142857142,0.5714285714285714,0
30031,829.2857142857143,1.1428571428571428,24.571428571428573,0
39053,46.142857142857146,1.1428571428571428,1.8571428571428572,0
48167,9055.57142857143,81.28571428571429,144.71428571428572,3.4285714285714284
31069,4.571428571428571,0,0,0
8045,680.7142857142857,4.571428571428571,14.571428571428571,0
30033,13.571428571428571,0,0.14285714285714285,0
31071,3.4285714285714284,0,0,0
40047,270.57142857142856,3,17.571428571428573,0.2857142857142857
53023,2.2857142857142856,0,0,0
5051,707.8571428571429,6,27.714285714285715,0.2857142857142857
21079,61.285714285714285,0,2.4285714285714284,0
24023,46.42857142857143,0,2,0
40049,189.71428571428572,4,4.714285714285714,0.14285714285714285
48169,102.57142857142857,1.5714285714285714,1.7142857142857142,0
29073,15.428571428571429,0,0,0
37071,2957.1428571428573,27.428571428571427,59.714285714285715,1.1428571428571428
37073,40.57142857142857,2.2857142857142856,0.5714285714285714,0
20061,127.14285714285714,1.2857142857142858,4.142857142857143,0.14285714285714285
39055,561.7142857142857,49.142857142857146,5.857142857142857,0
16045,135,0,4.571428571428571,0
26049,3721.5714285714284,335.7142857142857,26.571428571428573,0.14285714285714285
36037,299.14285714285717,5.714285714285714,1.1428571428571428,0
1061,201.14285714285714,0,6.285714285714286,0
29075,84,10.285714285714286,1.4285714285714286,0
28039,255.57142857142858,4.714285714285714,9.142857142857142,0.2857142857142857
45043,1231.857142857143,16.714285714285715,17.857142857142858,0.7142857142857143
18051,200.85714285714286,2.2857142857142856,3.4285714285714284,0
47053,436.2857142857143,1.1428571428571428,19.714285714285715,0
4007,755.5714285714286,23.571428571428573,18.285714285714285,0.2857142857142857
12041,338,0.2857142857142857,8.285714285714286,0.14285714285714285
47055,286.85714285714283,5.285714285714286,12.285714285714286,0.7142857142857143
51071,21.428571428571427,0,0.2857142857142857,0
48171,169.28571428571428,0.5714285714285714,5.857142857142857,0.2857142857142857
41021,3,0,0.14285714285714285,0
13123,474.7142857142857,3.2857142857142856,13.142857142857142,0.14285714285714285
54021,15.571428571428571,0,0.14285714285714285,0
8047,14.857142857142858,0,0,0
30035,50.57142857142857,0.7142857142857143,2.2857142857142856,0.14285714285714285
12043,386,3,14.571428571428571,0.14285714285714285
26051,38.142857142857146,2.2857142857142856,2.142857142857143,0
13125,20.714285714285715,0,0.42857142857142855,0
48173,6.857142857142857,0,0,0
6021,300.2857142857143,1.1428571428571428,9.428571428571429,0
34015,3348.285714285714,230.14285714285714,20.571428571428573,0.7142857142857143
51073,139.14285714285714,1.1428571428571428,4.142857142857143,0
13127,2344.1428571428573,20,38.42857142857143,1.5714285714285714
26053,60.42857142857143,1.1428571428571428,2.7142857142857144,0
30037,3.4285714285714284,0,0,0
38033,3.857142857142857,0,0.2857142857142857,0
48175,68.85714285714286,1,5,0.2857142857142857
48177,626.2857142857143,7.142857142857143,17.428571428571427,0.5714285714285714
51075,164.85714285714286,7,1,0.14285714285714285
27049,178.14285714285714,9.142857142857142,1.1428571428571428,0
16047,125.85714285714286,1.1428571428571428,3.857142857142857,0
13129,901.2857142857143,23.857142857142858,25.714285714285715,0.42857142857142855
56015,12.714285714285714,0,0.14285714285714285,0
31073,15,0,0.14285714285714285,0
20063,3,0,0.14285714285714285,0
13131,386.85714285714283,4.571428571428571,9.285714285714286,0
40051,397.57142857142856,6.571428571428571,10.142857142857142,0.14285714285714285
33009,114,1.1428571428571428,0.5714285714285714,0
4009,408.7142857142857,6.142857142857143,17.142857142857142,0.2857142857142857
20065,11.714285714285714,0,0.7142857142857143,0
37075,18.428571428571427,0,1.2857142857142858,0
47057,117.71428571428571,0,5.571428571428571,0
8049,44.57142857142857,1.1428571428571428,0.42857142857142855,0
38035,658.5714285714286,4.571428571428571,8,0
50013,14.857142857142858,0,0,0
26055,176.14285714285714,5.714285714285714,5.285714285714286,0
30039,6.857142857142857,0,0,0
5053,119.42857142857143,0,4,0
18053,507.85714285714283,32.857142857142854,8.428571428571429,0.14285714285714285
20067,96.28571428571429,2.2857142857142856,1.4285714285714286,0
21081,94.57142857142857,5.714285714285714,1.1428571428571428,0
22043,242.85714285714286,3.4285714285714284,10.857142857142858,0
27051,41.42857142857143,1.1428571428571428,1.1428571428571428,0
31075,0,0,0,0
35017,70.71428571428571,1.2857142857142858,1.4285714285714286,0.14285714285714285
38037,4.571428571428571,0,0,0
40053,7.142857142857143,0,0.7142857142857143,0
41023,2.142857142857143,0,0.14285714285714285,0
46051,20.285714285714285,0,0.14285714285714285,0
53025,1210.142857142857,11,22.714285714285715,0.5714285714285714
54023,41.57142857142857,0,2.4285714285714284,0
55043,313.2857142857143,16,6.714285714285714,0
37077,1235.2857142857142,28.571428571428573,10.857142857142858,0
26057,143.14285714285714,17.142857142857142,2,0
21083,479,24,8.428571428571429,0
20069,60.42857142857143,0,2.4285714285714284,0
48179,168.28571428571428,4.285714285714286,2.4285714285714284,-0.14285714285714285
53027,86.14285714285714,2.2857142857142856,2.7142857142857144,0
21085,188.71428571428572,12.571428571428571,0.7142857142857143,0
48181,1036.857142857143,9.714285714285714,11,0.2857142857142857
51077,129.71428571428572,4.571428571428571,2,0
20071,3.4285714285714284,0,0,0
31077,8.142857142857142,0,0.2857142857142857,0
21087,26.428571428571427,1.1428571428571428,0.2857142857142857,0
55045,136.28571428571428,1.1428571428571428,0.42857142857142855,0
55047,55.857142857142854,0,0.14285714285714285,0
54025,93,3.4285714285714284,0.42857142857142855,0
1063,263.2857142857143,11.571428571428571,1.8571428571428572,0.2857142857142857
5055,245.14285714285714,0.7142857142857143,8.857142857142858,0.14285714285714285
13133,225.42857142857142,12.428571428571429,7.285714285714286,0.14285714285714285
17061,16.857142857142858,0,0.5714285714285714,0
18055,249.28571428571428,38.57142857142857,2.4285714285714284,0.14285714285714285
19073,42.285714285714285,0,0,0
28041,210.42857142857142,11.428571428571429,5.714285714285714,0
29077,919.2857142857143,10.428571428571429,43.42857142857143,0.14285714285714285
36039,317.14285714285717,20.571428571428573,1.5714285714285714,0
37079,309.57142857142856,3.4285714285714284,3.2857142857142856,0
39057,603.7142857142857,12.142857142857142,11.857142857142858,0.14285714285714285
42059,109,0,1.2857142857142858,0
47059,300.85714285714283,5.285714285714286,8.857142857142858,0.14285714285714285
51079,133.85714285714286,2.2857142857142856,4.857142857142857,0
4011,50.142857142857146,1.1428571428571428,1.8571428571428572,0
51081,456.2857142857143,10.285714285714286,3,0
21089,74.42857142857143,0,2.142857142857143,0
45045,10484.714285714286,171.42857142857142,128.14285714285714,4.142857142857143
20073,15.285714285714286,0,0.42857142857142855,0
45047,1257.857142857143,15.428571428571429,15.571428571428571,0.42857142857142855
40055,86.57142857142857,8,1.1428571428571428,0
48183,1337,18.857142857142858,22.428571428571427,0.7142857142857143
46053,7,0,0.14285714285714285,0
28043,859,19,7.714285714285714,0.42857142857142855
38039,10.428571428571429,0,2,0
48185,902.5714285714286,6.857142857142857,12.142857142857142,2.2857142857142856
17063,270.2857142857143,5.714285714285714,5.571428571428571,0
19075,71.71428571428571,1.1428571428571428,1.1428571428571428,0
29079,27.142857142857142,1.1428571428571428,0.2857142857142857,0
47061,91.57142857142857,2.2857142857142856,2.2857142857142856,0
35019,31.857142857142858,0,0.7142857142857143,0
48187,1688.2857142857142,14.428571428571429,25.428571428571427,4.285714285714286
72055,59,0,0.14285714285714285,0
72057,127.28571428571429,0,2.2857142857142856,0
72059,115.14285714285714,0,2.5714285714285716,0
72061,677.7142857142857,0,12.571428571428571,0
39059,109.14285714285714,6.857142857142857,1.7142857142857142,0
37081,5257.714285714285,156.14285714285714,78.28571428571429,0.7142857142857143
12045,263.14285714285717,0,10.428571428571429,0
8051,249,6.857142857142857,2.857142857142857,0
72063,193,0,4,0
19077,132.85714285714286,5.714285714285714,2,0
13135,17016.85714285714,242.85714285714286,291,1.8571428571428572
46055,1.1428571428571428,0,0,0
13137,1051.857142857143,52.42857142857143,12.142857142857142,0.8571428571428571
2100,4,0,0.14285714285714285,0
1065,475.2857142857143,25.428571428571427,4.142857142857143,0.14285714285714285
48189,1189,24.285714285714285,24.142857142857142,0.14285714285714285
37083,609,6.428571428571429,12.285714285714286,0.14285714285714285
51083,132.85714285714286,1.1428571428571428,2.5714285714285716,0
13139,5469.857142857143,80,69.85714285714286,0.42857142857142855
31079,1909.4285714285713,52.857142857142854,4.428571428571429,-0.14285714285714285
48191,5.714285714285714,1.1428571428571428,0.7142857142857143,0
47063,986.4285714285714,9,46.142857142857146,0.5714285714285714
12047,620.1428571428571,2.4285714285714284,6.571428571428571,0.14285714285714285
17065,13.428571428571429,0,0.2857142857142857,0
18057,2456,117.42857142857143,42.42857142857143,0.14285714285714285
19079,249.71428571428572,1.1428571428571428,2,0
20075,40.285714285714285,0,0.14285714285714285,0
31081,97.14285714285714,13.714285714285714,1.2857142857142858,0
36041,7.571428571428571,0,0.14285714285714285,0
39061,9539.42857142857,257.42857142857144,87.57142857142857,2
47065,5519.571428571428,48,118.42857142857143,0.5714285714285714
48193,58.57142857142857,1.5714285714285714,1,0
46057,15.857142857142858,0,0.14285714285714285,0
25013,8279.57142857143,781.2857142857143,24.857142857142858,1.4285714285714286
25015,1231.857142857143,143.71428571428572,5.428571428571429,0.2857142857142857
54027,64.28571428571429,1.1428571428571428,2,0
45049,273.7142857142857,5.714285714285714,12.571428571428571,0.2857142857142857
51650,958,4.571428571428571,26.714285714285715,0
13141,291.7142857142857,38.42857142857143,4,0.14285714285714285
17067,28.285714285714285,1.1428571428571428,0.7142857142857143,0
18059,631.2857142857143,42,8.571428571428571,0.14285714285714285
19081,112.71428571428571,2.2857142857142856,3,0
21091,45.142857142857146,0,0.8571428571428571,0
23009,21.857142857142858,1.1428571428571428,-0.14285714285714285,0
28045,280.57142857142856,16,11.285714285714286,0
39063,231.71428571428572,2.2857142857142856,18.428571428571427,0
47067,61.142857142857146,0,4.571428571428571,0
54029,90.28571428571429,0,3.7142857142857144,0
46059,8,0,0,0
51085,631.2857142857143,34.285714285714285,6.285714285714286,0
48195,53,2.2857142857142856,0.7142857142857143,0
46061,18.142857142857142,0,0.42857142857142855,0
13143,179.71428571428572,6.857142857142857,5.714285714285714,0
12049,869.4285714285714,5.142857142857143,12.571428571428571,0.2857142857142857
47069,736.4285714285714,11.142857142857142,21.285714285714285,0.5714285714285714
48197,12,0,0.7142857142857143,0
17069,12.714285714285714,0,1.2857142857142858,0
19083,144,0,4.285714285714286,0
21093,484.42857142857144,8.714285714285714,11.714285714285714,0.14285714285714285
39065,162.14285714285714,13.714285714285714,0.8571428571428571,0
47071,322.85714285714283,8,16.142857142857142,0
48199,752.5714285714286,6.857142857142857,23.714285714285715,0.42857142857142855
35021,1.1428571428571428,0,0,0
54031,57.57142857142857,0,0.14285714285714285,0
24025,1776.142857142857,76.14285714285714,28,0.14285714285714285
21095,162.57142857142858,2.7142857142857144,10,0.14285714285714285
31083,1.1428571428571428,0,0,0
40057,5.857142857142857,0,0.7142857142857143,0
37085,1116.857142857143,39.57142857142857,20.428571428571427,0.42857142857142855
41025,6.571428571428571,0,0.42857142857142855,0
20077,8.285714285714286,0,0.2857142857142857,0
40059,3.5714285714285716,0,0.42857142857142855,0
13145,626.8571428571429,16,8.285714285714286,0
48201,72239.71428571429,708.1428571428571,1314,15.714285714285714
18061,279,25.142857142857142,3.857142857142857,0
19085,89.71428571428571,0,1.8571428571428572,0
21097,122,0,1.7142857142857142,0
28047,1956,26.857142857142858,49.57142857142857,1
29081,47.857142857142854,1.1428571428571428,1,0
39067,17.714285714285715,1.1428571428571428,0.42857142857142855,0
48203,633.5714285714286,35.285714285714285,10,-1.5714285714285714
54033,175.57142857142858,1.1428571428571428,3.4285714285714284,0
51660,1166.2857142857142,33.142857142857146,3.5714285714285716,0
13147,220,0,7.714285714285714,0
21099,74.71428571428571,0,1.8571428571428572,0
9003,14029.142857142857,1609.4285714285713,42.857142857142854,0.7142857142857143
48205,88.42857142857143,2.2857142857142856,1.4285714285714286,0
20079,148,1.1428571428571428,3.2857142857142856,0
20081,45.42857142857143,0,1.8571428571428572,0
40061,28.571428571428573,0,1,0
48207,31.857142857142858,0,0.7142857142857143,0
72065,80.14285714285714,0,1.4285714285714286,0
15001,132.71428571428572,0,0.2857142857142857,0
47073,215.57142857142858,2.2857142857142856,12.714285714285714,0
31085,0,0,0,0
48209,4712.428571428572,27.142857142857142,34.42857142857143,1
37087,247.14285714285714,0,7.857142857142857,0
47075,281.57142857142856,4.571428571428571,16.571428571428573,0
13149,130.57142857142858,3.4285714285714284,2.2857142857142856,0
48211,35.57142857142857,0,1.8571428571428572,0
5057,181.71428571428572,2.2857142857142856,6.571428571428571,0
17071,9.714285714285714,0,0.14285714285714285,0
21101,307,4.571428571428571,6.428571428571429,0
37089,1417.857142857143,60,26.285714285714285,0.14285714285714285
47077,315.7142857142857,0,20.428571428571427,0
48213,549.7142857142857,7.428571428571429,12.571428571428571,0.42857142857142855
18063,1850.2857142857142,120,13.285714285714286,-0.14285714285714285
12051,1705.142857142857,37.142857142857146,25.714285714285715,0.42857142857142855
27053,18185,920.2857142857143,219.42857142857142,0.8571428571428571
51087,3699.4285714285716,202.71428571428572,48.42857142857143,0.14285714285714285
1067,237.42857142857142,3.4285714285714284,4.285714285714286,0
13151,2841.8571428571427,42.714285714285715,62.285714285714285,0.5714285714285714
17073,181.85714285714286,1.1428571428571428,4.571428571428571,0
18065,384,20.571428571428573,3.142857142857143,0
19087,117.71428571428571,3.4285714285714284,1,0
21103,80.42857142857143,2.2857142857142856,2.5714285714285716,0
29083,55.42857142857143,3.4285714285714284,2.2857142857142856,0
39069,99,0.14285714285714285,3.2857142857142856,0.14285714285714285
47079,108.57142857142857,1,7.428571428571429,0.14285714285714285
51089,489.14285714285717,5.714285714285714,6.857142857142857,0
36043,254.14285714285714,4.571428571428571,4,0
12053,1575.5714285714287,22.428571428571427,41.714285714285715,1.2857142857142858
37091,258,12.571428571428571,5.142857142857143,0
38041,6.857142857142857,0,0,0
21105,18.714285714285715,0,0.42857142857142855,0
47081,190.71428571428572,0,5,0
29085,8.285714285714286,0,1.7142857142857142,0
35023,95.71428571428571,0,0.7142857142857143,0
48215,16584.571428571428,480.57142857142856,424.57142857142856,21.285714285714285
39071,103.57142857142857,1.1428571428571428,3.7142857142857144,0
51091,3.4285714285714284,0,0,0
12055,1113.2857142857142,22.857142857142858,42,1.1428571428571428
30041,42,0,0.8571428571428571,0
48217,283.85714285714283,2,12.285714285714286,-0.14285714285714285
12057,29988.428571428572,320.7142857142857,467.57142857142856,9.428571428571429
33011,4148.428571428572,309,19.285714285714285,0.7142857142857143
26059,256.85714285714283,28.571428571428573,2,0
28049,4920.714285714285,92.71428571428571,128.85714285714286,2.5714285714285716
8053,3.4285714285714284,0,0,0
31087,1.1428571428571428,0,0,0
39073,114.14285714285714,10.285714285714286,1,0
48219,173.85714285714286,4.428571428571429,5.142857142857143,0.14285714285714285
20083,11.714285714285714,0,0.14285714285714285,0
37093,683.1428571428571,7.857142857142857,11,0.14285714285714285
12059,413.57142857142856,1.1428571428571428,10.857142857142858,0
28051,833.2857142857143,50.285714285714285,16.571428571428573,0.2857142857142857
39075,350,5.714285714285714,2.2857142857142856,0
29087,2.7142857142857144,0,0.42857142857142855,0
31089,6.285714285714286,0,0.2857142857142857,0
15003,1433.857142857143,21.285714285714285,45.57142857142857,0.2857142857142857
48221,348.57142857142856,6,9.571428571428571,0.14285714285714285
41027,164.85714285714286,0,2.2857142857142856,0
31091,4.571428571428571,0,0,0
51670,275.42857142857144,5.714285714285714,2.5714285714285716,0
21107,420.2857142857143,37.714285714285715,2.857142857142857,0
48223,167.42857142857142,1.1428571428571428,2.857142857142857,0
72067,82.57142857142857,0,1.2857142857142858,0
45051,8371.857142857143,116.42857142857143,102,3.5714285714285716
5059,1583.5714285714287,4.142857142857143,7,0.7142857142857143
56017,18,0,0.42857142857142855,0
26061,46.57142857142857,0,1.2857142857142858,0
1069,1190.5714285714287,11,33.857142857142854,0.42857142857142855
13153,1617.4285714285713,43.57142857142857,39.714285714285715,1.1428571428571428
27055,38.57142857142857,0,0.5714285714285714,0
47083,42.285714285714285,0,1.5714285714285714,0
48225,263.85714285714283,1.1428571428571428,2.5714285714285716,0.5714285714285714
5061,261.2857142857143,1.7142857142857142,11.285714285714286,0.14285714285714285
18067,824.7142857142857,70.28571428571429,10.714285714285714,0.42857142857142855
19089,51,0,0.7142857142857143,0
24027,3758.714285714286,115.14285714285714,33.285714285714285,0.42857142857142855
29089,38.42857142857143,0,2.2857142857142856,0
31093,59.142857142857146,4.571428571428571,0.2857142857142857,0
48227,134.14285714285714,2.857142857142857,4.571428571428571,0.14285714285714285
29091,99.85714285714286,0,6.714285714285714,0
27057,18.285714285714285,0,1.2857142857142858,0
34017,22089.714285714286,1712.2857142857142,18.857142857142858,0.7142857142857143
48229,21.142857142857142,0.5714285714285714,0.14285714285714285,0.2857142857142857
8055,6.428571428571429,1.1428571428571428,0.14285714285714285,0
40063,58.42857142857143,1.1428571428571428,9.142857142857142,0
46065,92.71428571428571,2.2857142857142856,0.7142857142857143,0
72069,153.28571428571428,0,3.4285714285714284,0
6023,233.28571428571428,4.571428571428571,3.142857142857143,0
19091,85.28571428571429,1.1428571428571428,2,0
32013,106.14285714285714,4.571428571428571,0.42857142857142855,0
28053,271.42857142857144,11.428571428571429,4.428571428571429,0
47085,79.85714285714286,3.142857142857143,3,0.14285714285714285
48231,1056.5714285714287,11.571428571428571,19.285714285714285,1.2857142857142858
34019,1271.142857142857,144,3.142857142857143,0
42061,318.42857142857144,4.571428571428571,2.2857142857142856,0
18069,129.42857142857142,2.7142857142857144,0.7142857142857143,0.14285714285714285
26063,139.42857142857142,3.4285714285714284,5.285714285714286,0
39077,370.14285714285717,3.4285714285714284,4.857142857142857,0
46067,25.571428571428573,0,0.42857142857142855,0
48233,117,1.4285714285714286,1.8571428571428572,0.14285714285714285
37095,40.285714285714285,0,0.42857142857142855,0
46069,3.4285714285714284,0,0,0
22045,2179.714285714286,64.14285714285714,52.142857142857146,0.7142857142857143
22047,1144,51.857142857142854,17.142857142857142,0.42857142857142855
19093,31.428571428571427,0,0.2857142857142857,0
16049,26.571428571428573,0,1,0
6025,10253.714285714286,200.28571428571428,83.28571428571429,3.5714285714285716
5063,210.42857142857142,0,19.142857142857142,0
12061,2148.1428571428573,36.857142857142854,55.42857142857143,1.5714285714285714
42063,232.28571428571428,6.857142857142857,7.571428571428571,0
26065,1543.4285714285713,33.285714285714285,16.285714285714285,0.14285714285714285
6027,48,1.1428571428571428,0.8571428571428571,0
26067,285,5.714285714285714,2.4285714285714284,0
26069,141.85714285714286,12.571428571428571,0.42857142857142855,0
19095,83,1.1428571428571428,1.4285714285714286,0
55049,63.285714285714285,0,1,0
37097,1688.5714285714287,18.428571428571427,26,1
48235,6.571428571428571,0,0.42857142857142855,0
26071,13.571428571428571,1.1428571428571428,0.7142857142857143,0
29093,8.571428571428571,0,0.7142857142857143,0
55051,55.42857142857143,1.1428571428571428,4.857142857142857,0
17075,236.85714285714286,6,7.714285714285714,0.2857142857142857
13155,141.14285714285714,1.1428571428571428,3.142857142857143,0
72071,107.14285714285714,0,3.142857142857143,0
26073,218,9.142857142857142,1.7142857142857142,0
27059,111.71428571428571,0,1.1428571428571428,0
53029,254.71428571428572,12.714285714285714,2,0.14285714285714285
51093,343.57142857142856,10.285714285714286,4.428571428571429,0
28055,19.714285714285715,1.1428571428571428,0.42857142857142855,0
27061,130.57142857142858,13.714285714285714,2.5714285714285716,0
28057,274,10.142857142857142,9.285714285714286,0.14285714285714285
5065,36.57142857142857,1.1428571428571428,0.8571428571428571,0
48237,26.571428571428573,0,1,0
1071,718.1428571428571,3.4285714285714284,12.428571428571429,0
5067,57.42857142857143,1,1.1428571428571428,0.14285714285714285
8057,9.142857142857142,0,0,0
12063,1256.857142857143,20.714285714285715,58.57142857142857,1.5714285714285714
13157,842.8571428571429,14.857142857142858,24.571428571428573,0
17077,554.8571428571429,21.714285714285715,19.428571428571427,0
18071,593.5714285714286,4,3.4285714285714284,0.14285714285714285
19097,131.85714285714286,0,3.7142857142857144,0
20085,150.28571428571428,1.1428571428571428,0.8571428571428571,0
21109,143.42857142857142,16,1.2857142857142858,0
22049,379.7142857142857,20.571428571428573,3,0
26075,704,36.714285714285715,6.428571428571429,0.14285714285714285
27063,71.14285714285714,0,0.7142857142857143,0
28059,1683.4285714285713,29,65,0.8571428571428571
29095,2713.4285714285716,59.714285714285715,115.28571428571429,1
37099,384.2857142857143,3.4285714285714284,11.285714285714286,0
39079,60,0,2.142857142857143,0
40065,356.42857142857144,3.4285714285714284,25.142857142857142,0
41029,316,0,9.285714285714286,0
46071,8,1.1428571428571428,0,0
47087,106.71428571428571,0,1.7142857142857142,0
48239,218.71428571428572,1.7142857142857142,14.428571428571429,0.2857142857142857
54035,173.71428571428572,21.714285714285715,0.7142857142857143,0
55053,44,1.1428571428571428,1,0
51095,555.7142857142857,18.285714285714285,8.857142857142858,0
13159,122.42857142857143,1.1428571428571428,2.142857142857143,0
17079,55.857142857142854,8,0.14285714285714285,0
18073,200.42857142857142,2.2857142857142856,3.857142857142857,0
19099,487.57142857142856,24.285714285714285,3.5714285714285716,0.8571428571428571
28061,370.7142857142857,7,6.285714285714286,0.14285714285714285
29097,1644.5714285714287,24.714285714285715,40.285714285714285,0.42857142857142855
45053,463,7.142857142857143,12,0.5714285714285714
48241,207.42857142857142,2.857142857142857,24.714285714285715,0.7142857142857143
18075,84.85714285714286,0,0.2857142857142857,0
72073,196.42857142857142,0,0.8571428571428571,0
13161,312.7142857142857,5.142857142857143,14.428571428571429,0.14285714285714285
48243,8.571428571428571,0,0.14285714285714285,0
1073,11294.285714285714,225.71428571428572,210.71428571428572,2.142857142857143
5069,1300.2857142857142,38.42857142857143,22.714285714285715,0.5714285714285714
8059,4060.4285714285716,252.28571428571428,55.857142857142854,0.8571428571428571
12065,180,5.714285714285714,9.428571428571429,0
13163,402.2857142857143,5.714285714285714,11,0
16051,91.42857142857143,1.1428571428571428,6.857142857142857,0
17081,171.57142857142858,19.428571428571427,3.7142857142857144,0
18077,159.42857142857142,2.2857142857142856,1.7142857142857142,0
19101,79.71428571428571,0,0.5714285714285714,0
20087,52.857142857142854,0,1.2857142857142858,0
21111,6773.714285714285,251.28571428571428,144.14285714285714,2.142857142857143
22051,15079.714285714286,580.2857142857143,163.28571428571428,0.8571428571428571
28063,180,4.571428571428571,3.7142857142857144,0.2857142857142857
29099,1032.7142857142858,26.714285714285715,43.142857142857146,0.14285714285714285
30043,20.571428571428573,0,0.42857142857142855,0
31095,14.285714285714286,0,0,0
36045,139.57142857142858,0,2.2857142857142856,0
39081,194.42857142857142,2.2857142857142856,3.2857142857142856,0
40067,27.857142857142858,0,0.7142857142857143,0
41031,277.7142857142857,0.42857142857142855,8.857142857142858,0.42857142857142855
42065,56.857142857142854,1.1428571428571428,1,0
47089,391.2857142857143,1.7142857142857142,19.428571428571427,0.14285714285714285
48245,5520.428571428572,61.42857142857143,103.85714285714286,1.4285714285714286
53031,57.142857142857146,0,0,0
54037,318.42857142857144,4.571428571428571,1.5714285714285714,0
55055,555.5714285714286,4.571428571428571,12,0
22053,998.2857142857143,24.285714285714285,12.714285714285714,0.8571428571428571
28065,191.14285714285714,5.285714285714286,4.142857142857143,0.14285714285714285
13165,234.85714285714286,20,2.7142857142857144,0.7142857142857143
18079,218.57142857142858,13.714285714285714,1,0
46073,44.57142857142857,1.1428571428571428,0,0
16053,422.57142857142856,6.857142857142857,4.571428571428571,0
17083,65.85714285714286,1.1428571428571428,0.7142857142857143,0
21113,249.57142857142858,0,8.428571428571429,0
20089,8.714285714285714,0,0.14285714285714285,0
48247,52.285714285714285,0.2857142857142857,0.8571428571428571,0.14285714285714285
48249,560.4285714285714,0.8571428571428571,16,0.42857142857142855
17085,101.71428571428571,1.1428571428571428,4.714285714285714,0
5071,632.2857142857143,0,12.285714285714286,0
13167,225,4,8,0.5714285714285714
17087,53.857142857142854,0,1,0
18081,1736.2857142857142,134.85714285714286,15.714285714285714,0
19103,1968.7142857142858,12,18.571428571428573,0.2857142857142857
20091,4906.571428571428,108.85714285714286,100,0.14285714285714285
21115,24,0,1.7142857142857142,0
29101,465,1.1428571428571428,6.571428571428571,0
31097,12,0,0.2857142857142857,0
47091,68.42857142857143,0,2.857142857142857,0
48251,1358.5714285714287,12,42.42857142857143,2
56019,25.142857142857142,1.1428571428571428,0,0
37101,2946.8571428571427,48.142857142857146,44.857142857142854,0.42857142857142855
40069,33.57142857142857,0,1.8571428571428572,0
13169,243.85714285714286,1.1428571428571428,5.857142857142857,0
19105,121.42857142857143,1.1428571428571428,1.7142857142857142,0
28067,1728.7142857142858,62.142857142857146,28.428571428571427,0.42857142857142855
37103,52.142857142857146,3.4285714285714284,1,0
46075,1.1428571428571428,0,0,0
48253,725.5714285714286,0,-5.428571428571429,0
41033,91,1.1428571428571428,1.4285714285714286,0
72075,168.28571428571428,0,3.2857142857142856,0
72077,93.57142857142857,0,2.4285714285714284,0
2110,83.85714285714286,2.2857142857142856,2.857142857142857,0
55057,107.57142857142857,1.1428571428571428,5,0
42067,139.71428571428572,6.857142857142857,0.7142857142857143,0
26077,1609.2857142857142,86.28571428571429,14.857142857142858,0.5714285714285714
26079,54,4.571428571428571,0.2857142857142857,0
27065,24.857142857142858,1.1428571428571428,0.5714285714285714,0
54039,728.7142857142857,22.857142857142858,23.428571428571427,0
27067,726.4285714285714,1.1428571428571428,3.7142857142857144,0
17089,9864.57142857143,334.85714285714283,55.285714285714285,0.2857142857142857
17091,1798.2857142857142,75.42857142857143,15.285714285714286,0
48255,226,0.8571428571428571,9.857142857142858,0.42857142857142855
15007,50,0,0.2857142857142857,0
48257,1604,9.142857142857142,40.57142857142857,1.7142857142857142
40071,197.28571428571428,10.428571428571429,6.428571428571429,0.14285714285714285
31099,23,0,0.2857142857142857,0
20093,60.714285714285715,1.1428571428571428,0.2857142857142857,0
31101,14.285714285714286,0,0.7142857142857143,0
28069,236.42857142857142,17.142857142857142,1.8571428571428572,0
2122,303.57142857142856,2.2857142857142856,4.285714285714286,0
17093,1351.857142857143,24,13.285714285714286,0
48259,152.57142857142858,0.2857142857142857,2.4285714285714284,0.14285714285714285
48261,4,0,0.14285714285714285,0
23011,177.71428571428572,11.428571428571429,1.2857142857142858,0
55059,2514.5714285714284,56.142857142857146,31.857142857142858,0.5714285714285714
10001,2381,105.14285714285714,16.428571428571427,1.1428571428571428
24029,257.42857142857144,26.285714285714285,0,0
26081,7605.571428571428,172.85714285714286,68.28571428571429,0.7142857142857143
44003,1539,0,5,0
48263,2.2857142857142856,0,0,0
21117,1319.2857142857142,42.285714285714285,20.857142857142858,0
19107,30,1.1428571428571428,0.42857142857142855,0
6029,15383,137.42857142857142,975.4285714285714,4.285714285714286
48265,353.42857142857144,2,8.857142857142858,0.42857142857142855
45055,1276.7142857142858,22.857142857142858,21.857142857142858,0.2857142857142857
2130,35,0,1.2857142857142858,0
55061,111.71428571428571,1.2857142857142858,2,0.14285714285714285
26083,2.2857142857142856,0,0,0
31103,0,0,0,0
38043,8.285714285714286,0,0.8571428571428571,0
31105,17.142857142857142,0,0,0
48267,14.571428571428571,0,0.14285714285714285,0
53033,16128.57142857143,734,181,1.4285714285714286
51099,129.57142857142858,4.571428571428571,1.5714285714285714,0
51101,79.71428571428571,2.2857142857142856,1.2857142857142858,0
51097,37.857142857142854,1.1428571428571428,0.42857142857142855,0
40073,86.57142857142857,0,2.857142857142857,0
20095,7.142857142857143,0,0.2857142857142857,0
6031,4235.428571428572,51.857142857142854,81.14285714285714,1
46077,10.857142857142858,0,0.42857142857142855,0
48271,14.428571428571429,0,1.1428571428571428,0
20097,6.857142857142857,0,0,0
40075,24.571428571428573,1.1428571428571428,0.8571428571428571,0
8063,46.142857142857146,3.4285714285714284,0.8571428571428571,0
53035,552.1428571428571,3.2857142857142856,22.428571428571427,0.14285714285714285
53037,355.85714285714283,8.571428571428571,2.4285714285714284,1.7142857142857142
27069,3.142857142857143,0,0.14285714285714285,0
41035,198.57142857142858,1.1428571428571428,3.7142857142857144,0
48273,335.85714285714283,2.4285714285714284,4.571428571428571,0
53039,101,3.4285714285714284,2.2857142857142856,0
21119,34.57142857142857,0,0.5714285714285714,0
17095,240.85714285714286,1,3.857142857142857,0.14285714285714285
18083,113.85714285714286,0,3.2857142857142856,0
21121,178.71428571428572,8.857142857142858,4.571428571428571,0.14285714285714285
23013,28.571428571428573,1.1428571428571428,0,0
29103,4.714285714285714,0,0.2857142857142857,0
31107,31.285714285714285,0,0.2857142857142857,0
39083,128.14285714285714,2.2857142857142856,6,0
47093,3328.5714285714284,25.714285714285715,114,1.2857142857142858
48275,38.857142857142854,0,3.857142857142857,0
2150,5.714285714285714,0,0,0
27071,60.142857142857146,3.4285714285714284,2,0
16055,1428.142857142857,1.1428571428571428,37.285714285714285,0
18085,842.4285714285714,10.857142857142858,11.285714285714286,0.42857142857142855
19109,82.28571428571429,0,0.14285714285714285,0
2158,3.7142857142857144,0,0.14285714285714285,0
55063,822.1428571428571,1.1428571428571428,10.571428571428571,0
4012,521.2857142857143,10.285714285714286,3,0
8067,208,2.2857142857142856,3.142857142857143,0
48283,396.14285714285717,0.2857142857142857,1.8571428571428572,0.14285714285714285
18087,588.5714285714286,11.428571428571429,4,0
38045,16,0,0,0
18091,840.5714285714286,32.714285714285715,10.428571428571429,0.14285714285714285
17099,449.85714285714283,20.571428571428573,11.142857142857142,0
22059,210,1.5714285714285714,4.571428571428571,0.14285714285714285
20099,117.57142857142857,0,2.142857142857143,0
27073,6.857142857142857,0,0,0
42069,2107,242.28571428571428,7,0
29105,188.57142857142858,1.1428571428571428,4.142857142857143,0
5073,50,2.2857142857142856,1.4285714285714286,0
12067,91.71428571428571,0,2.5714285714285716,0
22055,6365.857142857143,82.42857142857143,117,2.5714285714285716
28071,784,4.571428571428571,20.714285714285715,0
29107,143.71428571428572,2.2857142857142856,2.142857142857143,0
55065,108.42857142857143,0,2,0
22057,2574.1428571428573,107.71428571428571,44.142857142857146,0.42857142857142855
72079,72,0,0.8571428571428571,0
6033,191.28571428571428,1.1428571428571428,3.4285714285714284,0
8065,70.28571428571429,0,1,0
12069,4460,45.857142857142854,112.28571428571429,1.8571428571428572
17097,12915.142857142857,500.14285714285717,92.14285714285714,0.7142857142857143
18089,7491.571428571428,299.14285714285717,73.42857142857143,1.4285714285714286
26085,17.428571428571427,0,0.2857142857142857,0
27075,15.428571428571429,0,0,0
30047,146.71428571428572,0.7142857142857143,4.142857142857143,0.14285714285714285
39085,1012.7142857142857,30.571428571428573,19.142857142857142,0.5714285714285714
41037,35.142857142857146,0,0.14285714285714285,0
46079,68.57142857142857,2,3,0.14285714285714285
47095,809.1428571428571,0,2.7142857142857144,0
27077,0.5714285714285714,0,0.14285714285714285,0
1075,180.14285714285714,1.1428571428571428,4.714285714285714,0
13171,214.14285714285714,9,5.714285714285714,0.14285714285714285
28073,1040.4285714285713,11.142857142857142,22.714285714285715,0.42857142857142855
48277,600,17.285714285714285,12.428571428571429,0.14285714285714285
48279,187.42857142857142,5.857142857142857,8.142857142857142,0.42857142857142855
50015,48,1.1428571428571428,0,0
48281,76,0.2857142857142857,4.285714285714286,0.14285714285714285
31109,3103.5714285714284,16,47.142857142857146,0
42071,5981.714285714285,455.14285714285717,36.285714285714285,1.5714285714285714
45057,1004.8571428571429,22.428571428571427,24.571428571428573,0.42857142857142855
51103,29,0,0.8571428571428571,0
32015,55.285714285714285,0.7142857142857143,0.42857142857142855,0.14285714285714285
20101,5.714285714285714,0,0,0
41039,494.42857142857144,3.4285714285714284,8.571428571428571,0
55067,26,1.1428571428571428,3.142857142857143,0
13173,221,4.142857142857143,2.857142857142857,0.14285714285714285
26087,418.42857142857144,36.57142857142857,7.285714285714286,0
56021,467.14285714285717,0,6.285714285714286,0
72081,126,0,1.8571428571428572,0
8069,1390.2857142857142,36.714285714285715,24,0.14285714285714285
21123,42.42857142857143,1.1428571428571428,2.2857142857142856,0
8071,14.428571428571429,0,0.42857142857142855,0
72083,44.57142857142857,0,1.2857142857142858,0
72085,130.14285714285714,0,1.8571428571428572,0
6035,620.8571428571429,0,6.142857142857143,0
16057,71.71428571428571,0,3,0
40077,41.285714285714285,1.1428571428571428,3.2857142857142856,0
1077,988.4285714285714,10.142857142857142,18.571428571428573,0.14285714285714285
28075,1353.7142857142858,95.71428571428571,19.857142857142858,0.2857142857142857
47097,353.2857142857143,6.571428571428571,13.857142857142858,0.14285714285714285
21125,346.42857142857144,4.571428571428571,9.857142857142858,0
13175,651.5714285714286,1.5714285714285714,16.714285714285715,0.14285714285714285
45059,1219.5714285714287,29.714285714285715,24.857142857142858,1.8571428571428572
48285,610.2857142857143,3.857142857142857,10.571428571428571,1.4285714285714286
1079,265.2857142857143,0,8,0
5075,175.14285714285714,10.285714285714286,2.5714285714285716,0
17101,38,0,1.4285714285714286,0
18093,332.57142857142856,30.571428571428573,2.7142857142857144,0.14285714285714285
21127,27.857142857142858,0,1.5714285714285714,0
28077,286.57142857142856,3.4285714285714284,8.857142857142858,0
29109,146.71428571428572,2.2857142857142856,6.571428571428571,0
39087,197.42857142857142,0,5.571428571428571,0
42073,314.2857142857143,11.714285714285714,9.285714285714286,0.2857142857142857
46081,28.714285714285715,0,0.2857142857142857,0
47099,405.57142857142856,6.857142857142857,11.857142857142858,0
40079,137.28571428571428,1.1428571428571428,8.142857142857142,0
27079,197.42857142857142,1.1428571428571428,3.857142857142857,0
35025,561.7142857142857,2.2857142857142856,22.857142857142858,0.2857142857142857
28079,818,27,5.857142857142857,0.14285714285714285
20103,1519.7142857142858,8,10.857142857142858,0
42075,1753.7142857142858,61.142857142857146,6.428571428571429,0.2857142857142857
1081,2520.285714285714,45.142857142857146,33.42857142857143,0.2857142857142857
5077,995.5714285714286,6.857142857142857,1.4285714285714286,0
12071,16042.42857142857,290.7142857142857,227.28571428571428,4
13177,539.7142857142857,25.142857142857142,4.857142857142857,0
17103,141.28571428571428,2.2857142857142856,1.4285714285714286,0
19111,81.28571428571429,2.2857142857142856,2.4285714285714284,0
21129,3.4285714285714284,0,0,0
28081,1088.4285714285713,29.857142857142858,26.714285714285715,0.42857142857142855
37105,1202.2857142857142,10,12.714285714285714,0.14285714285714285
45061,485.2857142857143,28.428571428571427,7.714285714285714,0.14285714285714285
48287,154.42857142857142,5.428571428571429,3.2857142857142856,1
51105,73.28571428571429,0,5.142857142857143,0
26089,67.71428571428571,0,1.1428571428571428,0
28083,814.2857142857143,65,14.857142857142858,0.14285714285714285
42077,5315.571428571428,382,21.142857142857142,0.2857142857142857
16059,8.714285714285714,0,0.14285714285714285,0
26091,400.2857142857143,12.571428571428571,6.285714285714286,0
37107,545.2857142857143,12.571428571428571,5.714285714285714,0
12073,4123.571428571428,14.857142857142858,97.71428571428571,0.42857142857142855
48289,144.57142857142858,0.5714285714285714,1.4285714285714286,0.14285714285714285
21131,21.285714285714285,0,1.1428571428571428,0
21133,36.42857142857143,0,2,0
12075,507.85714285714283,2.2857142857142856,13.571428571428571,0
21135,31.714285714285715,0,0.42857142857142855,0
29111,20.571428571428573,1.1428571428571428,2.142857142857143,0
36049,38.57142857142857,0,0.14285714285714285,0
47101,32.57142857142857,0.5714285714285714,2.2857142857142856,0.14285714285714285
53041,162.85714285714286,3.4285714285714284,3.4285714285714284,0
54041,28.571428571428573,2.2857142857142856,0,0
30049,110.71428571428571,1.1428571428571428,3,0
45063,4651.428571428572,93.71428571428571,79.57142857142857,2.2857142857142856
51678,30.428571428571427,0,0.7142857142857143,0
12077,375.57142857142856,2.2857142857142856,3.4285714285714284,0
13179,531.5714285714286,2.2857142857142856,18,0
30051,1.1428571428571428,0,0,0
48291,834.5714285714286,11.142857142857142,19.857142857142858,3.142857142857143
39089,1004,25.714285714285715,31.285714285714285,1.8571428571428572
1083,1119.2857142857142,9.571428571428571,20.428571428571427,0.5714285714285714
48293,160,1.8571428571428572,5.571428571428571,0.2857142857142857
5079,1305.857142857143,12.571428571428571,3.2857142857142856,0
8073,7,0,-0.14285714285714285,0
13181,113.14285714285714,3,2.857142857142857,0.14285714285714285
16063,53.142857142857146,0,0.7142857142857143,0
20105,6.428571428571429,0,0.14285714285714285,0
21137,91.71428571428571,1.1428571428571428,1.7142857142857142,0
22061,691,24.857142857142858,12.285714285714286,0.5714285714285714
23015,36.57142857142857,0.14285714285714285,0.2857142857142857,0.14285714285714285
27081,59,0,0.2857142857142857,0
28085,748.5714285714286,42.857142857142854,10,0.2857142857142857
29113,231.71428571428572,1.1428571428571428,11.714285714285714,0
30053,59.57142857142857,1.2857142857142858,1.1428571428571428,0.14285714285714285
31111,86.42857142857143,2.2857142857142856,2,0
32017,3.4285714285714284,0,0,0
35027,70.42857142857143,1.1428571428571428,5.428571428571429,0
37109,717.4285714285714,2.2857142857142856,14.571428571428571,0
40081,89.57142857142857,2.2857142857142856,6.285714285714286,0
41041,431.14285714285717,9.142857142857142,1.4285714285714286,0
46083,525,1.1428571428571428,10.714285714285714,0
47103,201,0.8571428571428571,8.571428571428571,0.14285714285714285
53043,9.142857142857142,0,0.42857142857142855,0
54043,47.714285714285715,0,3.2857142857142856,0
55069,57.142857142857146,0,2.2857142857142856,0
56023,91,0,3.4285714285714284,0
19113,2018.857142857143,99.42857142857143,34.142857142857146,0
20107,28.714285714285715,0,0.7142857142857143,0
29115,30.714285714285715,1.1428571428571428,0.5714285714285714,0
41043,245,11.428571428571429,4.428571428571429,0
48295,15.714285714285714,0,0.42857142857142855,0
9005,1771.857142857143,157.71428571428572,6.428571428571429,0
5081,91,1.1428571428571428,5.571428571428571,0
48297,126.71428571428571,1.1428571428571428,1.2857142857142858,0
17105,77.85714285714286,2.2857142857142856,2.142857142857143,0
21139,34.57142857142857,0.2857142857142857,0.7142857142857143,0.14285714285714285
22063,2545.714285714286,52.857142857142854,52.714285714285715,0.42857142857142855
26093,799.7142857142857,32,6.571428571428571,0
29117,39.714285714285715,0,1.4285714285714286,0
36051,184.42857142857142,9.142857142857142,0.2857142857142857,0
48299,85.85714285714286,0,3.142857142857143,0
5083,136.71428571428572,0,2.4285714285714284,0
8075,736.2857142857143,5.714285714285714,0.5714285714285714,0
17107,71,0,1.7142857142857142,0
20109,2.2857142857142856,0,0,0
21141,325.42857142857144,22.142857142857142,2.5714285714285716,0.42857142857142855
31113,0,0,0,0
38047,1.2857142857142858,0,0.14285714285714285,0
39091,111.28571428571429,1.1428571428571428,2.142857142857143,0
40083,159.71428571428572,1.1428571428571428,5.142857142857143,0
54045,80.14285714285714,1.1428571428571428,6.571428571428571,0
72087,78.14285714285714,0,1.1428571428571428,0
13183,107.57142857142857,1.1428571428571428,2,0
5085,365.57142857142856,2.2857142857142856,14.571428571428571,0
39093,1641,85.71428571428571,23.142857142857142,0
35028,18.571428571428573,0,0.14285714285714285,0
6037,194853.42857142858,4920.714285714285,2373.8571428571427,38.714285714285715
47105,568.4285714285714,3.4285714285714284,17.571428571428573,0
51107,5489.857142857143,121.42857142857143,34.857142857142854,0.2857142857142857
19115,427,15,0.2857142857142857,0.14285714285714285
51109,182.14285714285714,2.2857142857142856,1.4285714285714286,0
31115,0,0,0,0
40085,67.85714285714286,0,1,0
1085,605.2857142857143,27.428571428571427,2.857142857142857,0
13185,2899.285714285714,27.571428571428573,57.42857142857143,0.7142857142857143
28087,878.8571428571429,24,23.142857142857142,0.7142857142857143
48303,5583.857142857143,76.57142857142857,84.85714285714286,0
19117,45,4.571428571428571,0.2857142857142857,0
39095,4526.285714285715,354.57142857142856,96.42857142857143,0.7142857142857143
26095,3.4285714285714284,0,0,0
13187,267.2857142857143,5.857142857142857,5.142857142857143,0.14285714285714285
35029,211.14285714285714,3.4285714285714284,7.142857142857143,0
51111,52.57142857142857,0,1.1428571428571428,0
72089,89.42857142857143,0,1.7142857142857142,0
42079,3569.5714285714284,209,15.428571428571429,0.14285714285714285
42081,330.42857142857144,22.857142857142858,3.5714285714285716,0
46085,96,1.1428571428571428,0,0
51680,359.85714285714283,1.1428571428571428,14.285714285714286,0
48305,66.71428571428571,3.4285714285714284,1,0
19119,99.14285714285714,0,1.7142857142857142,0
20111,677.1428571428571,8.714285714285714,6.857142857142857,0.2857142857142857
21143,30.142857142857142,3.5714285714285716,0.42857142857142855,0.14285714285714285
27083,452.2857142857143,3.4285714285714284,3.857142857142857,0
32019,192.57142857142858,2.857142857142857,3,0.14285714285714285
26097,16.714285714285715,0,1.2857142857142858,0
26099,10028.42857142857,1070,78.71428571428571,0.14285714285714285
1087,320.42857142857144,13.285714285714286,4.285714285714286,0.2857142857142857
13193,179.71428571428572,11.428571428571429,2,0
17115,374.2857142857143,25.142857142857142,14.857142857142858,0
29121,43.857142857142854,0,1,0
37113,480.7142857142857,2.4285714285714284,5.714285714285714,-0.14285714285714285
47111,863.8571428571429,12.285714285714286,8.571428571428571,0.5714285714285714
17117,120.14285714285714,3.4285714285714284,3.142857142857143,0
6039,1822,20.285714285714285,38.857142857142854,1.1428571428571428
1089,4640.714285714285,21.571428571428573,112.42857142857143,1
5087,276.57142857142856,1.1428571428571428,1.4285714285714286,0
12079,592.1428571428571,6,11.857142857142858,0.2857142857142857
13195,299.42857142857144,4.571428571428571,6.857142857142857,0
16065,129.85714285714286,0,3,0
17119,1992.5714285714287,81.14285714285714,57.42857142857143,0
18095,853.7142857142857,73.14285714285714,8.285714285714286,0
19121,94.42857142857143,2.2857142857142856,1.4285714285714286,0
21151,345.2857142857143,1.1428571428571428,7.285714285714286,0
22065,587.1428571428571,6.857142857142857,4.285714285714286,0
28089,2263.714285714286,56.285714285714285,47.857142857142854,0.42857142857142855
29123,16.714285714285715,0,0.8571428571428571,0
30057,63,1.1428571428571428,2.2857142857142856,0
31119,456.2857142857143,5.714285714285714,1.8571428571428572,0
36053,444.85714285714283,19.428571428571427,0.5714285714285714,0
37115,32,0,1.1428571428571428,0
39097,306.7142857142857,10.285714285714286,4,0
47113,671.4285714285714,9,22.142857142857142,1
48313,368.57142857142856,0,63.285714285714285,0
51113,60.57142857142857,1.1428571428571428,0.8571428571428571,0
21153,13.285714285714286,0,1.1428571428571428,0
19123,149.85714285714286,19.428571428571427,0.5714285714285714,0
27087,20.428571428571427,1.1428571428571428,0.2857142857142857,0
39099,2544.714285714286,280.57142857142856,22.571428571428573,0.2857142857142857
40093,23.428571428571427,1.1428571428571428,0.7142857142857143,0
41045,637,8.142857142857142,11.714285714285714,0.42857142857142855
51683,1782,22.857142857142858,7.571428571428571,0
51685,550.7142857142857,8,1.5714285714285714,0
12081,8623,175,174.14285714285714,1.2857142857142858
72091,146.14285714285714,0,9.571428571428571,0
26101,35.42857142857143,0,0,0
55071,264.14285714285717,1.1428571428571428,7.142857142857143,0
55073,520.4285714285714,4,17.714285714285715,0.14285714285714285
1091,529.7142857142857,13.285714285714286,8.428571428571429,0.2857142857142857
72093,42.714285714285715,0,0.42857142857142855,0
4013,120541.85714285714,1973.4285714285713,1779.7142857142858,46.57142857142857
29125,10.857142857142858,0,0.42857142857142855,0
6041,5243.428571428572,61,48.857142857142854,1.7142857142857142
55075,248.42857142857142,3.4285714285714284,9.428571428571429,0
1093,527.8571428571429,25.142857142857142,7.428571428571429,1
5089,20.142857142857142,0,0.2857142857142857,0
12083,3676.8571428571427,49.57142857142857,172.42857142857142,2.5714285714285716
13197,136.57142857142858,4.428571428571429,1.7142857142857142,0.14285714285714285
17121,124.14285714285714,0,2.857142857142857,0
18097,15394.285714285714,813.1428571428571,137.57142857142858,0.5714285714285714
19125,143.14285714285714,0,4,0
20115,42.285714285714285,1.1428571428571428,0.8571428571428571,0
21155,101.28571428571429,0,1.4285714285714286,0
28091,551,17,14.142857142857142,0.5714285714285714
29127,87.85714285714286,1,7,0.14285714285714285
39101,3218,46.857142857142854,6,0.2857142857142857
41047,2673.5714285714284,73.14285714285714,37.714285714285715,0.7142857142857143
45067,504.2857142857143,13.285714285714286,9.428571428571429,0.14285714285714285
47115,177.71428571428572,4.571428571428571,7.142857142857143,0
48315,131.14285714285714,5.857142857142857,1.1428571428571428,0.7142857142857143
54049,173,2.2857142857142856,2.7142857142857144,0
6043,50.857142857142854,1.4285714285714286,1,0.14285714285714285
45069,438.42857142857144,4.571428571428571,3.857142857142857,0
26103,127.71428571428571,12.571428571428571,1.8571428571428572,0
55077,72.71428571428571,1.1428571428571428,1.1428571428571428,0
1095,2960,27.428571428571427,41.285714285714285,0.8571428571428571
17123,18.285714285714285,0,0.2857142857142857,0
18099,795.1428571428571,20.428571428571427,6.714285714285714,0.8571428571428571
19127,1452.2857142857142,25.142857142857142,15.714285714285714,0.2857142857142857
20117,8.285714285714286,0,0.14285714285714285,0
21157,120.14285714285714,2.2857142857142856,2.5714285714285716,0
27089,28.142857142857142,0,0.42857142857142855,0
28093,498,5.571428571428571,12.857142857142858,0.14285714285714285
40095,69.42857142857143,0,2.5714285714285716,0
46091,7.857142857142857,0,0.42857142857142855,0
47117,221.85714285714286,2.2857142857142856,6.857142857142857,0
54051,108,0,4,0
12085,3836.8571428571427,69.14285714285714,41.714285714285715,2
18101,43.42857142857143,0,0.7142857142857143,0
21159,26.285714285714285,0,1.4285714285714286,0
27091,219.28571428571428,5.714285714285714,0.8571428571428571,0
37117,230.28571428571428,6.857142857142857,3.7142857142857144,0
48317,45.42857142857143,1.4285714285714286,1.4285714285714286,0.14285714285714285
51690,169.42857142857142,1.7142857142857142,1.7142857142857142,0.14285714285714285
17125,43,0,0.5714285714285714,0
21161,52.285714285714285,1.1428571428571428,0.5714285714285714,0
26105,108.14285714285714,0,0.14285714285714285,0
48319,43.42857142857143,0,0,0
53045,115.42857142857143,1.1428571428571428,5.714285714285714,0
54053,41.857142857142854,0.7142857142857143,1.5714285714285714,0.14285714285714285
17127,31.142857142857142,0,1.2857142857142858,0
48321,627.2857142857143,9.857142857142858,17.571428571428573,2.142857142857143
2170,250.28571428571428,2.2857142857142856,6.142857142857143,0
51115,11.857142857142858,0,0.42857142857142855,0
15009,166.57142857142858,6.857142857142857,2.142857142857143,0
72095,48.42857142857143,0,0.8571428571428571,0
47119,927.1428571428571,4.571428571428571,34.857142857142854,0
48323,1683.5714285714287,30.142857142857142,63.857142857142854,2.142857142857143
72097,415.57142857142856,0,10,0
40097,259.85714285714283,5.714285714285714,9.285714285714286,0
40087,379.14285714285717,4.571428571428571,7.714285714285714,0
46087,25.714285714285715,1.1428571428571428,0.42857142857142855,0
45065,104.85714285714286,2.2857142857142856,1.7142857142857142,0
21145,323.57142857142856,3.4285714285714284,6.285714285714286,0
21147,27.142857142857142,0,1,0
48307,38,0,0.5714285714285714,0
40089,867.1428571428571,21.428571428571427,13.714285714285714,1
29119,989.2857142857143,6.142857142857143,10.571428571428571,0.8571428571428571
17109,137,17.142857142857142,0.42857142857142855,0
37111,507.7142857142857,5.857142857142857,9.428571428571429,0.42857142857142855
54047,15.714285714285714,0,0.7142857142857143,0
13189,258.57142857142856,9.714285714285714,6.428571428571429,0.14285714285714285
17111,3013.4285714285716,126.42857142857143,33.285714285714285,0.2857142857142857
38049,13.428571428571429,1.1428571428571428,0.14285714285714285,0
13191,137.14285714285714,1.8571428571428572,3.4285714285714284,0.14285714285714285
38051,13.857142857142858,0.7142857142857143,0.7142857142857143,0.14285714285714285
40091,136.42857142857142,1.1428571428571428,5.142857142857143,0
42083,29.571428571428573,1.1428571428571428,0.14285714285714285,0
38053,70.57142857142857,0.14285714285714285,1.4285714285714286,0.14285714285714285
35031,4424.714285714285,241,21.571428571428573,1.4285714285714286
17113,510.7142857142857,17.142857142857142,11.285714285714286,0
21149,41.857142857142854,1.1428571428571428,0.42857142857142855,0
38055,23.714285714285715,0,2,0
48309,4341,34,81.42857142857143,1.1428571428571428
27085,131.57142857142858,0,0.8571428571428571,0
47107,466.42857142857144,22.571428571428573,8,0.14285714285714285
48311,6.714285714285714,0,0.42857142857142855,0
47109,244.85714285714286,1.8571428571428572,11.571428571428571,0.14285714285714285
20113,128.14285714285714,0,1.4285714285714286,0
31117,4.571428571428571,0,0,0
46089,6.857142857142857,0,0,0
20119,40.142857142857146,0,0.42857142857142855,0
21163,71,2.2857142857142856,3,0
46093,72.57142857142857,1.1428571428571428,1.1428571428571428,0
30059,4.571428571428571,0,0,0
37119,21497.285714285714,211,272.42857142857144,1.4285714285714286
51117,331,34.285714285714285,2.2857142857142856,0
26107,55.714285714285715,2.2857142857142856,0.7142857142857143,0
39103,843.1428571428571,36.57142857142857,11,0
48325,616.4285714285714,10.571428571428571,5.428571428571429,1.7142857142857142
27093,89.71428571428571,2.2857142857142856,0.7142857142857143,0
39105,25.428571428571427,0,0.2857142857142857,0
47121,78.71428571428571,0,3.2857142857142856,0
46095,23.428571428571427,0,0.8571428571428571,0
17129,43.42857142857143,0,0.7142857142857143,0
48327,18.142857142857142,0,0.14285714285714285,0
6045,276.7142857142857,5.285714285714286,9.571428571428571,0.42857142857142855
21165,24.428571428571427,0,0.7142857142857143,0
26109,76,0,2.4285714285714284,0
55078,17,0,1.1428571428571428,0
6047,3631.4285714285716,30.285714285714285,99.57142857142857,1
17131,50,0,1.5714285714285714,0
21167,41.285714285714285,0,0.7142857142857143,0
29129,9.142857142857142,0,0,0
34021,9023,697.5714285714286,18.142857142857142,0.5714285714285714
38057,19.142857142857142,0,1,0
39107,472.7142857142857,12.857142857142858,12.571428571428571,0.2857142857142857
42085,328.2857142857143,10.142857142857142,6.285714285714286,0.14285714285714285
54055,94.71428571428571,0,4.857142857142857,0
13199,355.2857142857143,5.571428571428571,6,0.14285714285714285
31121,48.714285714285715,0,0.42857142857142855,0
33013,511.57142857142856,23.428571428571427,1.5714285714285714,0.14285714285714285
8077,250.57142857142858,0.8571428571428571,7.142857142857143,0.14285714285714285
21169,27,2.2857142857142856,2,0
18103,261.85714285714283,2.2857142857142856,3.857142857142857,0
20121,106.42857142857143,0,3.4285714285714284,0
39109,731.2857142857143,38.857142857142854,15.714285714285714,0.42857142857142855
12086,114239.42857142857,1569.5714285714287,2970.714285714286,14.285714285714286
9007,1560.7142857142858,215.28571428571428,1.8571428571428572,0
25017,28830.85714285714,2233.4285714285716,59.714285714285715,2.142857142857143
34023,19948.285714285714,1599.857142857143,60.714285714285715,1.1428571428571428
51119,24.714285714285715,1.1428571428571428,0.7142857142857143,0
26111,293.7142857142857,10.285714285714286,6,0
48329,2031.5714285714287,37.285714285714285,66.71428571428571,1.1428571428571428
42087,100,1.1428571428571428,1.4285714285714286,0
48331,303.42857142857144,2.857142857142857,6.571428571428571,0.2857142857142857
27095,56.42857142857143,3.2857142857142856,0.42857142857142855,0.14285714285714285
5091,452.14285714285717,3,9.285714285714286,0.2857142857142857
13201,107.57142857142857,0,6.285714285714286,0
29131,65.71428571428571,0,4.857142857142857,0
19129,75.28571428571429,0,1.4285714285714286,0
48333,13.571428571428571,0,0.8571428571428571,0
55079,20130.285714285714,483.7142857142857,279.7142857142857,1.7142857142857142
46097,13.142857142857142,0,0.2857142857142857,0
8079,20.142857142857142,0,0.14285714285714285,0
32021,12.285714285714286,0,0.14285714285714285,0
54057,102.14285714285714,3.7142857142857144,2.857142857142857,0.14285714285714285
54059,94.85714285714286,2.2857142857142856,6.285714285714286,0
16067,408.14285714285717,1.1428571428571428,10.857142857142858,0
46099,4536,70.85714285714286,24.142857142857142,0
26113,45.714285714285715,1.1428571428571428,0,0
5093,604,8.571428571428571,18.285714285714285,0.14285714285714285
29133,136.85714285714286,0,3.142857142857143,0
30063,214.57142857142858,1.1428571428571428,5.285714285714286,0
13205,624.4285714285714,46.857142857142854,5.428571428571429,0
19131,83.57142857142857,0,1,0
20123,28.285714285714285,0,0.7142857142857143,0
37121,105.71428571428571,1.8571428571428572,6.571428571428571,0.14285714285714285
48335,43.142857142857146,0,1.5714285714285714,0
1097,7937.857142857143,196,173.71428571428572,2.2857142857142856
72099,133,0,5.428571428571429,0
8081,24.428571428571427,1.1428571428571428,0.7142857142857143,0
4015,2984.1428571428573,150.28571428571428,55.42857142857143,2.7142857142857144
29135,95.42857142857143,2.2857142857142856,3.5714285714285716,0
34025,11210.857142857143,975.1428571428571,37.714285714285715,0.7142857142857143
6051,118.14285714285714,1.1428571428571428,4.857142857142857,0
19133,97,0,1,0
54061,919.4285714285714,5.714285714285714,11,0
1099,396.85714285714283,3.4285714285714284,5.571428571428571,0
5095,46.285714285714285,0,1.8571428571428572,0
12087,1221.857142857143,6.857142857142857,34.285714285714285,0
13207,401.2857142857143,24.428571428571427,10,0.42857142857142855
17133,246.85714285714286,14.857142857142858,4.428571428571429,0
18105,638.8571428571429,33.142857142857146,18.571428571428573,0.2857142857142857
19135,73.14285714285714,8,0.7142857142857143,0
21171,84.57142857142857,2.2857142857142856,2.857142857142857,0
26115,891,24,10,0
28095,649.2857142857143,51.57142857142857,12.571428571428571,0.7142857142857143
29137,10.285714285714286,0,0.42857142857142855,0
36055,5200.571428571428,316.57142857142856,25.714285714285715,0
39111,101.71428571428571,19.428571428571427,0,0
42089,1766,137.71428571428572,4.571428571428571,0.42857142857142855
47123,279.85714285714283,8.285714285714286,10.857142857142858,0.2857142857142857
54063,21,0,0.2857142857142857,0
55081,196,1.1428571428571428,3,0
48337,48.142857142857146,1.1428571428571428,1.2857142857142858,0
26117,190,1.1428571428571428,2.2857142857142856,0
6053,4384.571428571428,25.428571428571427,108.71428571428571,0.42857142857142855
8083,109.85714285714286,4.571428571428571,1.7142857142857142,0
1101,6339.428571428572,152,84.85714285714286,1.8571428571428572
5097,21.571428571428573,0,1.1428571428571428,0
13209,116.28571428571429,0,3.2857142857142856,0
17135,137,3.5714285714285716,3,0.42857142857142855
18107,357.57142857142856,23.857142857142858,2.142857142857143,0.14285714285714285
19137,36.57142857142857,2.2857142857142856,2.4285714285714284,0
20125,138.42857142857142,4.142857142857143,3.142857142857143,0.14285714285714285
21173,107.71428571428571,0,1.5714285714285714,0
24031,19267.285714285714,893.1428571428571,101.42857142857143,1.8571428571428572
28097,279.14285714285717,3.4285714285714284,3.2857142857142856,0
29139,30.571428571428573,0,1,0
36057,167.71428571428572,4.571428571428571,1.1428571428571428,0
37123,603.4285714285714,15.285714285714286,11.428571428571429,0.42857142857142855
39113,3870.8571428571427,60.285714285714285,81.42857142857143,1.2857142857142858
42091,10758.857142857143,962.7142857142857,57,1.1428571428571428
47125,1536.7142857142858,10.285714285714286,40.857142857142854,0
48339,6332.857142857143,60.714285714285715,97.57142857142857,1.5714285714285714
51121,272.42857142857144,3.4285714285714284,5.571428571428571,0
26119,8,0,0,0
42093,101.28571428571429,3.4285714285714284,0.7142857142857143,0
8085,288.57142857142856,14.714285714285714,3.857142857142857,0.14285714285714285
46101,30.714285714285715,0,0.2857142857142857,0
37125,894.4285714285714,21.142857142857142,17.285714285714285,0.8571428571428571
47127,40,0,0.5714285714285714,0
48341,1109.5714285714287,16.571428571428573,5,-0.2857142857142857
35033,6.428571428571429,0,0.42857142857142855,0
22067,427.85714285714283,12.571428571428571,8,0
1103,2148.5714285714284,13.428571428571429,36.285714285714285,0.42857142857142855
8087,765.2857142857143,52.57142857142857,1.1428571428571428,0
13211,160.85714285714286,0,9,0
17137,174.28571428571428,5.714285714285714,2.2857142857142856,0
18109,438.14285714285717,35.42857142857143,4.571428571428571,0
21175,29.714285714285715,0,0.5714285714285714,0
29141,48.285714285714285,0,3,0
39115,18.142857142857142,0,0.2857142857142857,0
47129,59.714285714285715,1.1428571428571428,2.4285714285714284,0
54065,27.571428571428573,0,0.42857142857142855,0
72101,178,0,6.857142857142857,0
31123,64.14285714285714,0,0.42857142857142855,0
20127,7.571428571428571,0,0.14285714285714285,0
34027,8047.857142857143,945.2857142857143,14.428571428571429,0.2857142857142857
48343,84.14285714285714,0.2857142857142857,2.2857142857142856,0.14285714285714285
27097,86.14285714285714,1.1428571428571428,0.7142857142857143,0
39117,165.71428571428572,1.2857142857142858,2,0.14285714285714285
41049,260,1.1428571428571428,7.285714285714286,0
20129,10.285714285714286,2.2857142857142856,0,0
38059,240.28571428571428,3.4285714285714284,9.571428571428571,0
48345,3.7142857142857144,0,0.2857142857142857,0
17139,47.57142857142857,0,2.4285714285714284,0
38061,113.42857142857143,1.1428571428571428,1.2857142857142858,0
27099,1181.4285714285713,2.2857142857142856,5,0
21177,676.1428571428571,10.285714285714286,3.2857142857142856,0
41051,4393.285714285715,90.28571428571429,69.14285714285714,1.1428571428571428
13213,509.14285714285717,2.2857142857142856,12.857142857142858,0
27101,127.85714285714286,0.7142857142857143,2.142857142857143,0.14285714285714285
40099,51.285714285714285,0,3.142857142857143,0
19139,867.2857142857143,52.142857142857146,5.571428571428571,0.14285714285714285
13215,4271.714285714285,83.57142857142857,65.14285714285714,1.2857142857142858
26121,1225.142857142857,63.57142857142857,7.142857142857143,0.2857142857142857
39119,157.57142857142858,1.1428571428571428,4.714285714285714,0
40101,365.2857142857143,18,15.857142857142858,0.2857142857142857
30065,1.1428571428571428,0,0,0
48347,961.5714285714286,40.57142857142857,26.285714285714285,-0.14285714285714285
72103,79,0,1.8571428571428572,0
31125,7.142857142857143,0,0.14285714285714285,0
6055,834.2857142857143,8.857142857142858,20.714285714285715,0.14285714285714285
72105,174.14285714285714,0,9.714285714285714,0
37127,948.7142857142857,11.571428571428571,17.285714285714285,0.14285714285714285
12089,1031.7142857142858,8.285714285714286,25,0.42857142857142855
36059,49017.28571428572,2506.4285714285716,47.142857142857146,0.14285714285714285
22069,655,17.142857142857142,16.428571428571427,0
56025,218.57142857142858,0,4,0
4017,5729.571428571428,195.14285714285714,32.714285714285715,2.4285714285714284
48349,745.8571428571429,11.428571428571429,13.571428571428571,-0.14285714285714285
21179,191.42857142857142,2.2857142857142856,3.7142857142857144,0
38063,5.142857142857143,0,0.7142857142857143,0
51125,35.714285714285715,0,0.5714285714285714,0
20131,46,0,1.1428571428571428,0
31127,12.428571428571429,0,0.5714285714285714,0
20133,55,0,-0.14285714285714285,0
28099,1301.142857142857,93.85714285714286,6.428571428571429,0.14285714285714285
20135,5.714285714285714,0,0,0
5099,138.57142857142858,9,1.4285714285714286,0.14285714285714285
6057,288.14285714285717,1.1428571428571428,6,0
10003,7311.857142857143,310.85714285714283,54.57142857142857,4.857142857142857
37129,2341.8571428571427,17,46.142857142857146,0.42857142857142855
9009,14716,1251.142857142857,24.428571428571427,1
51127,117.85714285714286,1.1428571428571428,2.4285714285714284,0
9011,1559.142857142857,116.71428571428571,3.5714285714285716,0.14285714285714285
29143,143.28571428571428,1.1428571428571428,4.714285714285714,0
36061,255165,26821.14285714286,307.85714285714283,11.857142857142858
26123,273.85714285714283,0,2.142857142857143,0
45071,730.5714285714286,7.285714285714286,18.857142857142858,0.14285714285714285
44005,417.14285714285717,0,0,0
51700,1564.142857142857,16.571428571428573,36,0.14285714285714285
5101,66.71428571428571,0,10.285714285714286,0
13217,1522.2857142857142,26.571428571428573,26.285714285714285,0.5714285714285714
18111,118.57142857142857,11.428571428571429,0.7142857142857143,0
28101,530,11.428571428571429,6.857142857142857,0
29145,828.1428571428571,3.5714285714285716,13.285714285714286,0.14285714285714285
48351,62.857142857142854,1.1428571428571428,6.857142857142857,0.5714285714285714
16069,138.57142857142858,21.714285714285715,0.7142857142857143,0
36063,1612.2857142857142,109.42857142857143,5.142857142857143,0.2857142857142857
21181,21.285714285714285,0,0.5714285714285714,0
54067,27,1.1428571428571428,0.5714285714285714,0
27103,293,14.857142857142858,4.714285714285714,0
56027,2.2857142857142856,0,0,0
18113,676,32,4.428571428571429,0
39121,18.285714285714285,0,0,0
40103,79,2.2857142857142856,1.8571428571428572,0
27105,1966.7142857142858,6.857142857142857,2.4285714285714284,0
29147,83.85714285714286,0,9.142857142857142,0
48353,131.85714285714286,2,5,0.2857142857142857
2180,19,0,0.14285714285714285,0
25021,11328,1114,36.42857142857143,1
51710,2973.4285714285716,23,69.28571428571429,-0.14285714285714285
27107,31.428571428571427,0,1.1428571428571428,0
2185,10,0,0.7142857142857143,0
37131,323,18.285714285714285,3.5714285714285716,0
42095,4246.571428571428,329.7142857142857,17.571428571428573,0.2857142857142857
51131,332.57142857142856,32,2.4285714285714284,0
42097,429.42857142857144,12.571428571428571,3.5714285714285716,0
51133,65,1.1428571428571428,0.7142857142857143,0
2188,14.857142857142858,0,1.4285714285714286,0
20137,25.142857142857142,0,0,0
51720,9.285714285714286,0,0.7142857142857143,0
51135,181.14285714285714,6.857142857142857,2.2857142857142856,0
40105,51.57142857142857,1.1428571428571428,1,0
28103,404.2857142857143,11.428571428571429,6.571428571428571,0
31129,5.714285714285714,0,0,0
48355,11579.857142857143,150.42857142857142,256.57142857142856,6.571428571428571
32023,325.42857142857144,7.428571428571429,8.428571428571429,0.2857142857142857
19141,126.28571428571429,1.1428571428571428,0.7142857142857143,0
26125,15828.285714285714,1284.857142857143,101.14285714285714,1
47131,283.42857142857144,4.285714285714286,17.857142857142858,0.14285714285714285
34029,11591.42857142857,1156.5714285714287,43.57142857142857,-0.14285714285714285
26127,518,5.714285714285714,2.5714285714285716,0
48357,79.57142857142857,2.5714285714285716,2,0.14285714285714285
13219,378.57142857142856,17.142857142857142,8,0
45073,717.4285714285714,3.142857142857143,13.428571428571429,0.42857142857142855
55083,156,0,3.4285714285714284,0
26129,55.857142857142854,2.2857142857142856,0.2857142857142857,0
46102,152.14285714285714,1.1428571428571428,0.5714285714285714,0
17141,401.57142857142856,5.714285714285714,2.4285714285714284,0
13221,181.28571428571428,8.142857142857142,3.5714285714285716,-0.14285714285714285
18115,40.285714285714285,2.5714285714285716,0.5714285714285714,0.14285714285714285
21183,362.2857142857143,3.857142857142857,5.285714285714286,0.5714285714285714
54069,245,3.4285714285714284,8.857142857142858,0
12091,2576.8571428571427,20.571428571428573,60,0.5714285714285714
53047,647.5714285714286,2.2857142857142856,24.714285714285715,0
12093,892.7142857142857,2.2857142857142856,24.142857142857142,0
40107,37.57142857142857,0,3.142857142857143,0
40109,8400.42857142857,100.14285714285714,254.57142857142858,1.4285714285714286
40111,323.57142857142856,0,16.571428571428573,0
28105,939.7142857142857,34.57142857142857,41.42857142857143,0.5714285714285714
21185,523.7142857142857,10,13.428571428571429,0.2857142857142857
48359,13.857142857142858,1.1428571428571428,0.14285714285714285,0
38065,5.285714285714286,0,0.42857142857142855,0
27109,1700.7142857142858,24,13.571428571428571,0
16071,8.428571428571429,0,0.14285714285714285,0
36065,2277.8571428571427,126.28571428571429,9.428571428571429,1.1428571428571428
55085,70.57142857142857,0,2.5714285714285716,0
36067,3846.5714285714284,221.28571428571428,15.285714285714286,0.42857142857142855
37133,805.5714285714286,10,30,0.14285714285714285
36069,385.7142857142857,38.714285714285715,2.2857142857142856,0.14285714285714285
26131,2.5714285714285716,0,0.2857142857142857,0
6059,38075.71428571428,629.4285714285714,551,9.714285714285714
12095,29809.85714285714,183,544.1428571428571,7.857142857142857
18117,177,27.428571428571427,0.2857142857142857,0
36071,12554.714285714286,558.1428571428571,10.142857142857142,0.7142857142857143
37135,1338.857142857143,51.42857142857143,16.714285714285715,0
48361,935.4285714285714,11,16,1.1428571428571428
50017,14.571428571428571,0,0.5714285714285714,0
51137,220,3.4285714285714284,2.4285714285714284,0
45075,2081.8571428571427,50.714285714285715,50.57142857142857,1.5714285714285714
29149,13.285714285714286,0,0.14285714285714285,0
22071,11167.142857142857,627.2857142857143,88.57142857142857,1
36073,330.2857142857143,61.714285714285715,0.2857142857142857,0
50019,16,0,0,0
72107,155.28571428571428,0,5,0
20139,38.857142857142854,0,0,0
29151,34.142857142857146,0,0.5714285714285714,0
40113,329,11,11.714285714285714,0.14285714285714285
20141,3.4285714285714284,0,0,0
12097,8268.857142857143,56.57142857142857,213.42857142857142,1.7142857142857142
19143,84.14285714285714,0,0.5714285714285714,0
26133,72.57142857142857,0,0.2857142857142857,0
26135,26.285714285714285,1.1428571428571428,0,0
36075,269,3.4285714285714284,1.1428571428571428,0
8089,39.42857142857143,2.7142857142857144,2,0.2857142857142857
35035,161.14285714285714,11.428571428571429,8.714285714285714,0
31131,43,0,0.5714285714285714,0
26137,146.71428571428572,11.428571428571429,0.2857142857142857,0
36077,117,5.714285714285714,0.7142857142857143,0
20143,31.714285714285715,0,0.5714285714285714,0
26139,1794.4285714285713,60.57142857142857,16.428571428571427,0
39123,342.2857142857143,27.428571428571427,7.142857142857143,0
40115,293.14285714285717,2.2857142857142856,10.428571428571429,0
27111,163.71428571428572,1.5714285714285714,3.2857142857142856,0.14285714285714285
5103,70.57142857142857,1.1428571428571428,2.2857142857142856,0
22073,4505.571428571428,112.14285714285714,71.42857142857143,0.2857142857142857
8091,13.714285714285714,1.1428571428571428,0,0
80001,0,0,0,0
80013,15865.42857142857,83.14285714285714,270.14285714285717,1
80015,25.857142857142858,1.1428571428571428,0.14285714285714285,0
80017,1.5714285714285714,0.14285714285714285,-0.2857142857142857,0
80022,0,0,0,0
80026,95.57142857142857,0,10.285714285714286,0
80040,0,0,0,0
72888,588.1428571428571,0,10.142857142857142,0
80047,2796.714285714286,13,80.28571428571429,0.14285714285714285
55087,1048.142857142857,13.285714285714286,21.571428571428573,0.2857142857142857
47133,120.28571428571429,1.1428571428571428,2.5714285714285716,0
18119,76,1.1428571428571428,1.7142857142857142,0
21187,30.571428571428573,0,0.8571428571428571,0
21189,6.428571428571429,0,0.7142857142857143,0
16073,202.42857142857142,0,5.857142857142857,0
23017,55.42857142857143,0,0,0
29153,4.428571428571429,0,0.2857142857142857,0
55089,513.8571428571429,18.285714285714285,10.428571428571429,0
53049,31.714285714285715,1.2857142857142858,0.8571428571428571,0.14285714285714285
19145,52.142857142857146,0,2.5714285714285716,0
51139,372.57142857142856,27.142857142857142,1.8571428571428572,0.14285714285714285
12099,33473.71428571428,846.4285714285714,663.8571428571429,11.142857142857142
19147,71.57142857142857,0,0.42857142857142855,0
48363,148,2.5714285714285716,8.857142857142858,0.14285714285714285
37137,57.714285714285715,1.1428571428571428,1,0
28107,781.8571428571429,9.571428571428571,24.571428571428573,0.42857142857142855
48365,291.42857142857144,25.714285714285715,1.4285714285714286,-0.8571428571428571
8093,43.142857142857146,1.1428571428571428,0.7142857142857143,0
30067,42.142857142857146,0,1.4285714285714286,0
56029,111.42857142857143,0,2.5714285714285716,0
18121,41.714285714285715,0,0.7142857142857143,0
48367,950.7142857142857,3.4285714285714284,34.142857142857146,1
48369,325.57142857142856,8.857142857142858,3.5714285714285716,-0.14285714285714285
12101,6384.285714285715,74,118.71428571428571,1.4285714285714286
37139,332.42857142857144,19.428571428571427,5.714285714285714,0
34031,19727,1419,23.857142857142858,0.8571428571428571
72109,94.71428571428571,0,1.8571428571428572,0
51141,95.28571428571429,3.142857142857143,6.714285714285714,0.14285714285714285
13223,1348.4285714285713,20.428571428571427,26.714285714285715,0.14285714285714285
39125,56.714285714285715,0,1.4285714285714286,0
20145,7.571428571428571,0,0.14285714285714285,0
31133,3.857142857142857,0,0.7142857142857143,0
40117,111.85714285714286,3.4285714285714284,4,0
16075,309.2857142857143,2.2857142857142856,5.428571428571429,0
40119,670.8571428571429,2.857142857142857,10.714285714285714,0.14285714285714285
13225,270.2857142857143,11.428571428571429,9.857142857142858,0.2857142857142857
28109,470,38.142857142857146,8.714285714285714,0.42857142857142855
48371,218.42857142857142,1.1428571428571428,3.5714285714285716,0
38067,27.142857142857142,0,1,0
29155,201.57142857142858,6.857142857142857,3,0
53051,35.142857142857146,0,1.4285714285714286,0
37141,621.5714285714286,3.2857142857142856,10.571428571428571,0.14285714285714285
21191,34.142857142857146,0,0.5714285714285714,0
54071,29.142857142857142,1.1428571428571428,1.1428571428571428,0
27113,70.28571428571429,0.8571428571428571,0.7142857142857143,0.14285714285714285
46103,880.4285714285714,28.857142857142858,5.285714285714286,0.42857142857142855
23019,157.28571428571428,5.714285714285714,0.5714285714285714,0
72111,56.714285714285715,0,0.8571428571428571,0
17143,1099.4285714285713,36.857142857142854,30.571428571428573,0.14285714285714285
55091,40,0,2,0
31135,9.857142857142858,0.14285714285714285,0.2857142857142857,0.14285714285714285
46105,4.571428571428571,0,0,0
37143,60.285714285714285,2.2857142857142856,1.2857142857142858,0
1105,422.57142857142856,3.4285714285714284,8.285714285714286,0
5105,47.42857142857143,0,0.8571428571428571,0
17145,95.57142857142857,1.1428571428571428,3.142857142857143,0
18123,185.28571428571428,13.714285714285714,0.42857142857142855,0
21193,169.85714285714286,2.2857142857142856,4.571428571428571,0
28111,184,7,8.857142857142858,0.2857142857142857
29157,213.14285714285714,3.4285714285714284,1.2857142857142858,0
39127,78.14285714285714,1.1428571428571428,2.2857142857142856,0
42099,118.71428571428571,5.714285714285714,1.8571428571428572,0
47135,65.28571428571429,0,1.2857142857142858,0
32027,14.857142857142858,0,0,0
37145,191.14285714285714,1.1428571428571428,4.857142857142857,0
2195,6.857142857142857,1.1428571428571428,0,0
51730,443.2857142857143,10.428571428571429,5.285714285714286,0.14285714285714285
29159,291.85714285714283,3.142857142857143,16.857142857142858,0.14285714285714285
29161,68.71428571428571,0,0.8571428571428571,0
31137,36.57142857142857,0,0,0
42101,33482.142857142855,1914,171.85714285714286,1.7142857142857142
5107,270,6.857142857142857,5.571428571428571,0
8095,21.285714285714285,0,0.2857142857142857,0
20147,47.42857142857143,8.142857142857142,0.5714285714285714,0.14285714285714285
17147,36.142857142857146,0,0.42857142857142855,0
39129,2632.5714285714284,48,5.857142857142857,0
1107,371.2857142857143,10,4.285714285714286,0.2857142857142857
13227,239.57142857142858,5.714285714285714,9.571428571428571,0
45077,1750.7142857142858,18.571428571428573,18.428571428571427,0.42857142857142855
47137,19.142857142857142,1.1428571428571428,1.2857142857142858,0
13229,393.57142857142856,5.714285714285714,6.428571428571429,0
31139,19.285714285714285,0,0.2857142857142857,0
38069,9.142857142857142,0,0,0
53053,4895.571428571428,135.14285714285714,101.85714285714286,1.2857142857142858
55093,163.28571428571428,0,2.7142857142857144,0
1109,665.7142857142857,7.714285714285714,8.571428571428571,0.14285714285714285
5109,58.57142857142857,0.2857142857142857,3,0.14285714285714285
13231,180.28571428571428,3.4285714285714284,5.142857142857143,0
17149,11.285714285714286,0,0.2857142857142857,0
18125,26.571428571428573,0,1,0
21195,208,3.4285714285714284,5.142857142857143,0
28113,789.4285714285714,31.428571428571427,18.142857142857142,0.5714285714285714
29163,62.142857142857146,1.1428571428571428,2,0
39131,52.42857142857143,0,1.8571428571428572,0
42103,594.1428571428571,24,1.2857142857142858,0
4019,16653.285714285714,468.7142857142857,206.28571428571428,5.714285714285714
4021,8290.57142857143,134.28571428571428,111.57142857142857,2
27115,137.57142857142858,0,0.5714285714285714,0
12103,16889.285714285714,417.85714285714283,230.85714285714286,8.714285714285714
27117,147.57142857142858,7.714285714285714,2,0.42857142857142855
23021,3.7142857142857144,0,-0.14285714285714285,0
8097,176.42857142857142,2.2857142857142856,-0.2857142857142857,0
37147,1597.2857142857142,11.571428571428571,44.142857142857146,0.14285714285714285
40121,139,3.4285714285714284,9.857142857142858,0
51143,300.42857142857144,2.2857142857142856,8.571428571428571,0
6061,1808.4285714285713,15.428571428571429,44.42857142857143,0.42857142857142855
22075,419.7142857142857,20.571428571428573,5.428571428571429,0
29165,273.14285714285717,6.857142857142857,8.142857142857142,0
31141,833.7142857142857,3.4285714285714284,4,0
56031,5.571428571428571,0,0.14285714285714285,0
54073,7.428571428571429,0,0.14285714285714285,0
6063,31.714285714285715,0,0.5714285714285714,0
19149,461.7142857142857,7.571428571428571,4.428571428571429,0.2857142857142857
25023,10240.857142857143,802.5714285714286,16.428571428571427,1
19151,126.42857142857143,1.1428571428571428,0.42857142857142855,0
54075,45.714285714285715,0,0.2857142857142857,0
5111,132.14285714285714,3.4285714285714284,4,0
22077,679.2857142857143,33,17.857142857142858,0.14285714285714285
5113,130.85714285714286,0,2.4285714285714284,0
12105,12580.714285714286,241.85714285714286,260.14285714285717,7.142857142857143
13233,559.1428571428571,4.571428571428571,16.571428571428573,0.42857142857142855
19153,10170.42857142857,218.57142857142858,81.28571428571429,0.5714285714285714
27119,121.42857142857143,3.4285714285714284,3.142857142857143,0
29167,163.28571428571428,0,8,0
31143,22,0,0.8571428571428571,0
37149,139.85714285714286,5.714285714285714,1,0
41053,267.14285714285717,13.714285714285714,8.285714285714286,0
47139,107.42857142857143,0,5.857142857142857,0
48373,643.2857142857143,2.4285714285714284,30.571428571428573,0.7142857142857143
55095,107.14285714285714,2.2857142857142856,2.7142857142857144,0
72113,402.85714285714283,0,8.714285714285714,0
30073,9.142857142857142,0,0.2857142857142857,0
28115,666.2857142857143,6.857142857142857,15,0
40123,143.85714285714286,2.2857142857142856,7,0
5115,1152.857142857143,6.285714285714286,28.142857142857142,0.14285714285714285
17151,5.142857142857143,0,0.7142857142857143,0
27121,35.857142857142854,0,1.1428571428571428,0
51735,35.857142857142854,0,0.8571428571428571,0
39133,715.8571428571429,67.42857142857143,14.142857142857142,0
55097,358.42857142857144,0,3.857142857142857,0
18127,1151.5714285714287,43.57142857142857,20.142857142857142,0.14285714285714285
51740,1365.857142857143,24,45.857142857142854,0
18129,153.28571428571428,0,4.571428571428571,0
20149,112.28571428571429,0,0.5714285714285714,0
40125,307.2857142857143,6.857142857142857,14.571428571428571,0
19155,1152.857142857143,20.285714285714285,15.714285714285714,0.42857142857142855
42105,22.714285714285715,0,0.14285714285714285,0
48375,3793.8571428571427,47.42857142857143,25.285714285714285,0
21197,38.857142857142854,0,0.7142857142857143,0
16077,31.428571428571427,0,1.1428571428571428,0
19157,138.14285714285714,9.142857142857142,2,0
51145,125.42857142857143,3.7142857142857144,1.5714285714285714,0.14285714285714285
5117,62.42857142857143,0,0.5714285714285714,0
20151,34.857142857142854,0,0.5714285714285714,0
39135,135.57142857142858,2.142857142857143,2.2857142857142856,0.14285714285714285
28117,270.7142857142857,6.857142857142857,9.142857142857142,0
48377,37,0,0.8571428571428571,0
26141,16,0.5714285714285714,0,0.14285714285714285
54077,133.14285714285714,2.2857142857142856,0.8571428571428571,0
55099,20.285714285714285,0,0.7142857142857143,0
51147,287.7142857142857,6.857142857142857,6,0
51149,350.42857142857144,2.2857142857142856,4.714285714285714,0
24033,24386.14285714286,831.5714285714286,143.28571428571428,0.8571428571428571
51153,9616.285714285714,189.85714285714286,60.42857142857143,0.42857142857142855
2198,3.142857142857143,0,0.42857142857142855,0
44007,15986.42857142857,0,51.285714285714285,0
8099,51.857142857142854,0,0.14285714285714285,0
8101,627.7142857142857,38,7.285714285714286,0.14285714285714285
5119,4795,80.85714285714286,92.71428571428571,0.7142857142857143
13235,84,2.4285714285714284,1,0.14285714285714285
17153,101.28571428571429,0,0.2857142857142857,0
18131,78.57142857142857,1.1428571428571428,0.2857142857142857,0
21199,199.14285714285714,2.2857142857142856,3.857142857142857,0
29169,191,1.1428571428571428,2.4285714285714284,0
51155,74.42857142857143,2.2857142857142856,1.7142857142857142,0
40127,63.142857142857146,0,5.428571428571429,0
12107,1276.142857142857,14,26.428571428571427,1
13237,342,19.142857142857142,7.714285714285714,0.14285714285714285
17155,6.428571428571429,0,0.5714285714285714,0
18133,232.14285714285714,9.142857142857142,2.2857142857142856,0
29171,4.571428571428571,0,0,0
36079,1601.4285714285713,72,2.7142857142857144,0
39137,194.42857142857142,18.285714285714285,2,0
47141,1540.857142857143,11.428571428571429,27.285714285714285,0.7142857142857143
54079,152.71428571428572,0,5.285714285714286,0
35037,33.285714285714285,1.1428571428571428,0.7142857142857143,0
72115,64.42857142857143,0,0.8571428571428571,0
24035,404.85714285714283,26.285714285714285,5.714285714285714,0
13239,28.571428571428573,1.1428571428571428,0,0
28119,178.42857142857142,1.1428571428571428,6.285714285714286,0
13241,167.42857142857142,3.4285714285714284,5.571428571428571,0
55101,3258.4285714285716,80.71428571428571,38.42857142857143,0.5714285714285714
51750,25.857142857142858,0,0.7142857142857143,0
48379,39.285714285714285,1.4285714285714286,1.7142857142857142,0.14285714285714285
54081,141.42857142857142,0,3.857142857142857,0
29173,18.142857142857142,0,0.42857142857142855,0
27123,6992.857142857143,288.85714285714283,84.42857142857143,0.5714285714285714
38071,32.285714285714285,1.1428571428571428,0.7142857142857143,0
48381,1611.857142857143,18.714285714285715,24.285714285714285,0.7142857142857143
1111,404.42857142857144,11.428571428571429,4.857142857142857,0
5121,147.85714285714286,2.2857142857142856,5.571428571428571,0
13243,266,29.714285714285715,1.2857142857142858,0
17157,448.7142857142857,8,6,0
18135,102.85714285714286,4.571428571428571,1.8571428571428572,0
29175,32.714285714285715,1.1428571428571428,3.7142857142857144,0
37151,2140.1428571428573,40.714285714285715,26,0.2857142857142857
54083,232.85714285714286,0,0.5714285714285714,0
28121,1983.142857142857,26.571428571428573,54.714285714285715,0.2857142857142857
38073,28.142857142857142,0,0.2857142857142857,0
22079,2977.8571428571427,109.42857142857143,51,0.8571428571428571
51157,43.142857142857146,1.4285714285714286,0.8571428571428571,0.14285714285714285
30081,63,1.1428571428571428,1.5714285714285714,0
29177,54.857142857142854,0,4.142857142857143,0
48383,59.285714285714285,3.5714285714285716,0.42857142857142855,0.2857142857142857
48385,62.857142857142854,0,8.714285714285714,0
27125,8.142857142857142,0,0.5714285714285714,0
22081,176.57142857142858,10.285714285714286,5.571428571428571,0
48387,149.14285714285714,13.428571428571429,0.2857142857142857,-0.14285714285714285
31145,14.142857142857142,0,0.2857142857142857,0
27127,32.42857142857143,0,0.42857142857142855,0
48389,118.28571428571429,2.142857142857143,2.857142857142857,0
48391,154.57142857142858,0,7.714285714285714,0
20155,215.28571428571428,1,5.714285714285714,0.14285714285714285
36083,773.2857142857143,34.285714285714285,4.571428571428571,0
27129,54.57142857142857,4.571428571428571,1.2857142857142858,0
38075,9.857142857142858,0,0.14285714285714285,0
20157,26,0,0.5714285714285714,0
29179,12.571428571428571,0,0.5714285714285714,0
47143,489.42857142857144,1,6.142857142857143,0.14285714285714285
20159,21.857142857142858,0,0.7142857142857143,0
27131,1072.142857142857,9.142857142857142,5.285714285714286,0
31147,17.428571428571427,1.1428571428571428,0.8571428571428571,0
17159,11.857142857142858,0,0.2857142857142857,0
22083,508,5.714285714285714,13.142857142857142,0
30083,45,0,1.4285714285714286,0
38077,75.14285714285714,0,3.4285714285714284,0
39139,540.5714285714286,9.285714285714286,5.857142857142857,0.14285714285714285
45079,7827.571428571428,140.14285714285714,118.14285714285714,2.142857142857143
55103,23.142857142857142,4.571428571428571,0.2857142857142857,0
13245,3063.1428571428573,83.71428571428571,97.57142857142857,0.8571428571428571
37153,496.2857142857143,9.142857142857142,8.285714285714286,0
51159,363.2857142857143,4.571428571428571,0.2857142857142857,0
51760,3083.5714285714284,40.857142857142854,24.428571428571427,0.2857142857142857
20161,477.85714285714283,4.142857142857143,3.2857142857142856,0.14285714285714285
72117,85,0,1.5714285714285714,0
19159,23.285714285714285,1.1428571428571428,0.42857142857142855,0
35039,306,2.142857142857143,4.285714285714286,0.2857142857142857
8103,6.857142857142857,0,0,0
8105,98,2.2857142857142856,0.42857142857142855,0
72119,213.57142857142858,0,4.714285714285714,0
18137,196.14285714285714,8,2.2857142857142856,0
29181,40.42857142857143,0,1.1428571428571428,0
54085,3.4285714285714284,0,0,0
6065,37820,723.1428571428571,613.8571428571429,11.714285714285714
47145,235.42857142857142,0.5714285714285714,18,0.14285714285714285
54087,14.857142857142858,1.1428571428571428,0.2857142857142857,0
51161,444.7142857142857,6.857142857142857,5.714285714285714,0
51770,802.2857142857143,11.428571428571429,10.571428571428571,0
46109,71.57142857142857,0,0.2857142857142857,0
48393,6.857142857142857,0,0,0
21201,2.2857142857142856,0,0,0
47147,1413,18,22.142857142857142,0.14285714285714285
48395,214.57142857142858,0.2857142857142857,5,0.14285714285714285
37155,2492.4285714285716,56.857142857142854,62.142857142857146,0.14285714285714285
27133,61,0,2.5714285714285716,0
31149,2.2857142857142856,0,0,0
55105,1442.857142857143,28.571428571428573,15,0
17161,1623.5714285714287,34.285714285714285,16,0
51163,63.714285714285715,0,2.142857142857143,0
21203,52.142857142857146,0,0.5714285714285714,0
13247,1103,13.571428571428571,16.142857142857142,0.14285714285714285
33015,1801.5714285714287,106.85714285714286,7.285714285714286,0.2857142857142857
37157,462.57142857142856,5.571428571428571,11.285714285714286,0.2857142857142857
51165,968.5714285714286,18.285714285714285,5.285714285714286,0
36087,15804.285714285714,769,5.571428571428571,0.14285714285714285
48397,714.4285714285714,19.428571428571427,15.571428571428571,0
40131,646,13.285714285714286,32.57142857142857,0.42857142857142855
38079,18.285714285714285,0,1,0
20163,14.285714285714286,0,0.42857142857142855,0
30085,11.142857142857142,0,0,0
35041,121.28571428571429,1.1428571428571428,4.285714285714286,0
26143,51.142857142857146,0,0.14285714285714285,0
27135,41.57142857142857,0,1.2857142857142858,0
30087,20.714285714285715,1.1428571428571428,0.5714285714285714,0
39141,282.2857142857143,5.714285714285714,14.142857142857142,0
8107,107.28571428571429,6.857142857142857,0.7142857142857143,0
21205,59.57142857142857,0,2.2857142857142856,0
37159,2087,51.857142857142854,21.428571428571427,0.14285714285714285
48399,76.14285714285714,1,6.571428571428571,0.14285714285714285
18139,85.14285714285714,4.428571428571429,1,0.14285714285714285
20165,5.571428571428571,0,0.14285714285714285,0
48401,333.42857142857144,4.857142857142857,7.857142857142857,0.7142857142857143
55107,14.857142857142858,1.1428571428571428,0,0
1113,1167.857142857143,1,22,0.14285714285714285
20167,8.142857142857142,0,0.5714285714285714,0
21207,94.57142857142857,5.714285714285714,1.2857142857142858,0
51167,46.714285714285715,0.7142857142857143,3,0.14285714285714285
37161,613.2857142857143,14.571428571428571,17.428571428571427,0.2857142857142857
47149,5910.142857142857,52.285714285714285,123.28571428571429,0.7142857142857143
50021,93.85714285714286,1.1428571428571428,0.5714285714285714,0
72121,112.14285714285714,0,1.2857142857142858,0
22085,500.14285714285717,5.142857142857143,12.285714285714286,0.42857142857142855
48403,43.42857142857143,2.5714285714285716,-0.2857142857142857,0.7142857142857143
19161,86.28571428571429,0,0.14285714285714285,0
6067,9764.42857142857,119.85714285714286,247.42857142857142,3.5714285714285716
23023,45.857142857142854,0,1,0
26145,1931.4285714285713,142.14285714285714,25.142857142857142,0
8109,121.85714285714286,2.2857142857142856,0.14285714285714285,0
34033,972.2857142857143,92.85714285714286,4.142857142857143,0.2857142857142857
51775,137.42857142857142,3.4285714285714284,2.142857142857143,0
72123,146,0,0.8571428571428571,0
5125,811.2857142857143,3.5714285714285716,24.714285714285715,0.14285714285714285
17165,82.85714285714286,0,3.4285714285714284,0
20169,356.14285714285717,3.7142857142857144,3.7142857142857144,0.14285714285714285
29195,415.7142857142857,6.857142857142857,4.142857142857143,0
31151,647.8571428571429,2.2857142857142856,2.142857142857143,0
49035,20258.571428571428,175.14285714285714,224.28571428571428,3.2857142857142856
45081,424.7142857142857,6.142857142857143,3.5714285714285716,0.2857142857142857
37163,1559.7142857142858,10.285714285714286,9.428571428571429,0.2857142857142857
48405,166,13,1.7142857142857142,-0.2857142857142857
6069,594.8571428571429,2.2857142857142856,9.571428571428571,0
6071,30937.85714285714,419,699.2857142857143,8.857142857142858
6073,29878,593,426.7142857142857,6.571428571428571
6075,6553,63,100.28571428571429,0.42857142857142855
72125,131.28571428571428,0,0.7142857142857143,0
48407,151.14285714285714,3.2857142857142856,1.7142857142857142,0.5714285714285714
6077,11456.57142857143,125.85714285714286,303.42857142857144,5.428571428571429
8111,2.2857142857142856,0,0,0
35045,3316.8571428571427,202.42857142857142,12.142857142857142,0.2857142857142857
72127,2170.714285714286,0,60.42857142857143,0
49037,651.2857142857143,22.428571428571427,6.571428571428571,0.42857142857142855
53055,30.285714285714285,0,0.5714285714285714,0
72129,123.57142857142857,0,3.2857142857142856,0
6079,1716.7142857142858,9.142857142857142,39.285714285714285,0.2857142857142857
6081,5665.428571428572,132.57142857142858,74.85714285714286,0.5714285714285714
8113,81.28571428571429,0,0.7142857142857143,0
35047,42.285714285714285,0,0.8571428571428571,0
48409,686.4285714285714,4,36.285714285714285,2
48411,19.285714285714285,0,1.1428571428571428,0
72131,169.28571428571428,0,2.7142857142857144,0
46111,14.142857142857142,0,0.14285714285714285,0
30089,7.714285714285714,0,0.5714285714285714,0
35043,1129.5714285714287,37.142857142857146,12.857142857142858,0.14285714285714285
39143,301.14285714285717,17.285714285714285,7.714285714285714,0.14285714285714285
17167,879.1428571428571,37.714285714285715,22.571428571428573,0
26151,96.14285714285714,6.857142857142857,1,0
6083,6255.285714285715,36.57142857142857,72.71428571428571,0
6085,9989,208.28571428571428,167,0.8571428571428571
4023,2816.4285714285716,53,23,1
6087,1020.8571428571429,4.285714285714286,21.428571428571427,0.14285714285714285
35049,548.7142857142857,3.4285714285714284,12.571428571428571,0
72133,88.28571428571429,0,1.1428571428571428,0
12113,2735.5714285714284,21.714285714285715,132.42857142857142,0.7142857142857143
12115,5575.857142857143,128,120.28571428571429,1
36091,766.7142857142857,19.428571428571427,6.428571428571429,0
38081,9.428571428571429,0,0,0
31153,1942.5714285714287,9.285714285714286,37.42857142857143,0.14285714285714285
55111,308.14285714285717,3.4285714285714284,11,0
31155,127.57142857142857,2.2857142857142856,2,0
55113,24.857142857142858,0,1,0
36093,1101.857142857143,42.285714285714285,10.285714285714286,0
48413,37.42857142857143,1.1428571428571428,0.2857142857142857,0
13249,43.57142857142857,1.1428571428571428,2.142857142857143,0
36095,76,0,0.5714285714285714,0
26153,9.142857142857142,0,0,0
17169,16,0,0,0
29197,9.857142857142858,0,0.2857142857142857,0
36097,22.857142857142858,0,0,0
42107,959.8571428571429,55.857142857142854,4.857142857142857,0.14285714285714285
39145,141.14285714285714,0.14285714285714285,5.571428571428571,0.14285714285714285
29199,12.571428571428571,1.1428571428571428,0,0
37165,251.57142857142858,2.2857142857142856,5.571428571428571,0
5127,31.285714285714285,0,1.7142857142857142,0
17171,5.857142857142857,0,0.5714285714285714,0
18143,245.14285714285714,11.285714285714286,4,0.14285714285714285
19163,1637.7142857142858,12.571428571428571,23.571428571428573,0
20171,25.428571428571427,0,0.8571428571428571,0
21209,261.85714285714283,0,13.428571428571429,0
27139,1295.142857142857,11.285714285714286,24.428571428571427,0.42857142857142855
28123,1053.142857142857,18.428571428571427,5,0.14285714285714285
29201,320.85714285714283,14.857142857142858,8.714285714285714,0
47151,54.142857142857146,0,4.142857142857143,0
51169,39.285714285714285,3,1.5714285714285714,0.14285714285714285
31157,308.42857142857144,6.571428571428571,2.142857142857143,0.14285714285714285
13251,167.71428571428572,9.857142857142858,3,0.14285714285714285
48415,437.57142857142856,1.1428571428571428,3.5714285714285716,0
5129,24.714285714285715,0,0.42857142857142855,0
5131,1530.857142857143,14.142857142857142,43.142857142857146,0.42857142857142855
8115,12.571428571428571,0,0,0
20173,3830.285714285714,40,137.57142857142858,0.7142857142857143
12117,6727.142857142857,69,101.71428571428571,3.5714285714285716
13253,100.57142857142857,2.2857142857142856,4,0
40133,142.14285714285714,5.571428571428571,10.857142857142858,0.14285714285714285
36099,93.71428571428571,1.2857142857142858,0.5714285714285714,0.42857142857142855
39147,113.71428571428571,2.4285714285714284,5.142857142857143,0.14285714285714285
47153,84.57142857142857,0,3.142857142857143,0
40135,156.14285714285714,3.4285714285714284,12.714285714285714,0
5133,1021.4285714285714,10.428571428571429,6.285714285714286,0.14285714285714285
47155,1498,4.714285714285714,48.714285714285715,0.14285714285714285
20175,1314.4285714285713,4.571428571428571,5.571428571428571,0
31159,72.42857142857143,1.1428571428571428,1.2857142857142858,0
48417,18.714285714285715,0,-0.14285714285714285,0
29203,44.142857142857146,0,0.8571428571428571,0
28125,110.42857142857143,0.42857142857142855,5.428571428571429,0.14285714285714285
5135,100.14285714285714,5.714285714285714,1.1428571428571428,0
6089,329.42857142857144,8.714285714285714,9.714285714285714,0.14285714285714285
55115,143.28571428571428,0,3.142857142857143,0
20177,1448.2857142857142,19.142857142857142,17.714285714285715,0.7142857142857143
55117,519,5.714285714285714,13.571428571428571,0
1117,2910.285714285714,32,55.285714285714285,0.2857142857142857
17173,40.142857142857146,1.1428571428571428,1.7142857142857142,0
18145,555,28.714285714285715,2.4285714285714284,0.14285714285714285
19165,149.71428571428572,0,1.8571428571428572,0
21211,743.5714285714286,25.142857142857142,5.714285714285714,0
29205,10.714285714285714,0,0.42857142857142855,0
39149,125,4.571428571428571,5,0
47157,20430.714285714286,299.57142857142856,334.42857142857144,2.4285714285714284
48419,391.85714285714283,16.857142857142858,4.285714285714286,0.42857142857142855
51171,750.5714285714286,45.714285714285715,1.1428571428571428,0
27141,585.5714285714286,5.714285714285714,18.571428571428573,0
20179,8,0,0,0
30091,3.2857142857142856,0,0.14285714285714285,0
31161,9.857142857142858,0,0.14285714285714285,0
38083,5.142857142857143,0,0.14285714285714285,0
56033,46.857142857142854,0,0.5714285714285714,0
20181,10.285714285714286,0,0,0
31163,6,0,0.14285714285714285,0
41055,9.142857142857142,0,0,0
48421,40,0,0.2857142857142857,0
26155,341.42857142857144,32,0.8571428571428571,0
16079,46.285714285714285,0,3.857142857142857,0
27143,81.71428571428571,2.2857142857142856,0.5714285714285714,0
6091,1.2857142857142858,0,0.14285714285714285,0
35051,27.142857142857142,0,0.8571428571428571,0
30093,40.57142857142857,0,2,0
21213,136.14285714285714,5.571428571428571,1.8571428571428572,0.14285714285714285
28127,688.1428571428571,13,13.428571428571429,1.4285714285714286
19167,633.8571428571429,0.8571428571428571,4.285714285714286,0.14285714285714285
31165,5.857142857142857,0,-0.14285714285714285,0
38085,56.142857142857146,0,1.1428571428571428,0
6093,68.71428571428571,0,1.8571428571428572,0
2220,21.285714285714285,0,0.7142857142857143,0
53057,836.7142857142857,21,7.571428571428571,0.42857142857142855
53059,51.714285714285715,1.1428571428571428,0.2857142857142857,0
38087,3.4285714285714284,0,0,0
20183,3.4285714285714284,0,0,0
28129,388,13.714285714285714,5.285714285714286,0
47159,318.42857142857144,2.2857142857142856,7.285714285714286,0
48423,2348.285714285714,14.142857142857142,40.285714285714285,0.7142857142857143
51173,95.71428571428571,1.8571428571428572,2.857142857142857,0.14285714285714285
53061,5324.714285714285,208.71428571428572,57,0.42857142857142855
42109,98.42857142857143,2.2857142857142856,1.1428571428571428,0
35053,78.71428571428571,5.714285714285714,0.5714285714285714,0
6095,3529.714285714286,40.142857142857146,60.857142857142854,0.14285714285714285
23025,38,0.5714285714285714,0.14285714285714285,0.14285714285714285
24039,129.14285714285714,3.4285714285714284,0.8571428571428571,0
34035,5842.714285714285,633.1428571428571,11.857142857142858,0.7142857142857143
42111,120.71428571428571,1.8571428571428572,2.2857142857142856,0.14285714285714285
48425,49.42857142857143,0,1,0
6097,2776.8571428571427,26.285714285714285,57.857142857142854,0.5714285714285714
51175,247.71428571428572,12.714285714285714,3.5714285714285716,0.14285714285714285
2240,14.714285714285714,0,0.2857142857142857,0
13255,825,40.285714285714285,18.142857142857142,0.7142857142857143
45083,3833.714285714286,82.85714285714286,45.714285714285715,2
18147,114.14285714285714,1.2857142857142858,1.7142857142857142,0.14285714285714285
21215,81.71428571428571,0,2.7142857142857144,0
46115,20.142857142857142,0,0.14285714285714285,0
53063,3554.8571428571427,54.42857142857143,86,1.4285714285714286
51177,1389.2857142857142,37.42857142857143,12.285714285714286,0
22087,1048,26.714285714285715,20.285714285714285,-0.14285714285714285
22089,1344.142857142857,57.142857142857146,29.714285714285715,0
29183,2764,92.42857142857143,143.28571428571428,0.7142857142857143
1115,1083.2857142857142,8.142857142857142,26.285714285714285,0.7142857142857143
17163,3483.285714285714,174.28571428571428,67.14285714285714,0.42857142857142855
26147,785.8571428571429,60.57142857142857,8.857142857142858,0
29185,14.285714285714286,0,0.7142857142857143,0
55109,426.85714285714283,2.2857142857142856,9,0
5123,1170,3.4285714285714284,17,0
29187,257.57142857142856,2.2857142857142856,6.142857142857143,0
22091,239.85714285714286,1.1428571428571428,3.857142857142857,0
22093,639,34.285714285714285,11.428571428571429,0
22095,1418.5714285714287,100.57142857142857,17.428571428571427,0
12109,3233.714285714286,21.285714285714285,63.57142857142857,0.8571428571428571
18141,3107.4285714285716,85.85714285714286,43,0.2857142857142857
26149,565.1428571428571,7,11.857142857142858,0.14285714285714285
22097,2040,78,61.285714285714285,0.42857142857142855
36089,290.7142857142857,3.142857142857143,1.5714285714285714,0.2857142857142857
27137,359,19.142857142857142,5.428571428571429,0.2857142857142857
29189,12035.285714285714,716.1428571428571,319.14285714285717,4.714285714285714
29510,4379.285714285715,187.57142857142858,86.71428571428571,0.8571428571428571
12111,4833.857142857143,109.14285714285714,129.57142857142858,3.7142857142857144
22099,1565.5714285714287,39.142857142857146,22.142857142857142,0.8571428571428571
22101,1419.7142857142858,46.285714285714285,26.428571428571427,0.42857142857142855
24037,932.7142857142857,59.714285714285715,10,0.14285714285714285
22103,4739.428571428572,219.71428571428572,78.57142857142857,1.2857142857142858
20185,2.2857142857142856,0,0,0
51179,1342.857142857143,7.714285714285714,10.571428571428571,0.14285714285714285
6099,8644.142857142857,96.14285714285714,199,3.142857142857143
46117,16,0,0,0
37167,862.8571428571429,9.571428571428571,16.714285714285715,0.42857142857142855
20187,17.285714285714285,0,0.2857142857142857,0
31167,27.857142857142858,0,0.2857142857142857,0
17175,7,0,0,0
38089,158.71428571428572,3.4285714285714284,6,0
39151,1694.4285714285713,140.14285714285714,24.571428571428573,0.7142857142857143
18149,166.57142857142858,4.714285714285714,1.4285714285714286,0.14285714285714285
48427,1793,25,40.42857142857143,2
51790,146.85714285714286,0,2.7142857142857144,0
29186,41,1.1428571428571428,1.8571428571428572,0
27145,3086.714285714286,21.714285714285715,11.857142857142858,0
27147,345,1.1428571428571428,3.5714285714285716,0
38091,9.142857142857142,0,0.5714285714285714,0
13257,527.4285714285714,7.142857142857143,11.857142857142858,0.2857142857142857
40137,159.71428571428572,1.2857142857142858,3.7142857142857144,0.14285714285714285
48429,24.571428571428573,0.5714285714285714,1.4285714285714286,0.2857142857142857
17177,343.57142857142856,6.857142857142857,3,0
48431,1.1428571428571428,0,0,0
18151,201.71428571428572,3.4285714285714284,3.857142857142857,0
36101,326.85714285714283,47.857142857142854,0.8571428571428571,0.14285714285714285
20189,46.285714285714285,0,0.2857142857142857,0
27149,16.714285714285715,0,0.14285714285714285,0
53065,62,1.1428571428571428,2.857142857142857,0
13259,270.2857142857143,5.142857142857143,0.8571428571428571,0.14285714285714285
47161,61.42857142857143,0,1.8571428571428572,0
30095,17.857142857142858,0,0.42857142857142855,0
29207,213.42857142857142,10.285714285714286,3.7142857142857144,0
37169,243.14285714285714,2,3.7142857142857144,0.2857142857142857
5137,46.42857142857143,1.1428571428571428,1,0
28131,137.28571428571428,2.4285714285714284,3.2857142857142856,0.14285714285714285
29209,63,1,4.142857142857143,0.14285714285714285
48433,4.571428571428571,0,0,0
32029,3,0,0.14285714285714285,0
19169,1167,12.142857142857142,12.428571428571429,0.14285714285714285
33017,359.2857142857143,14.857142857142858,2.142857142857143,0
38093,103.42857142857143,2.2857142857142856,3.5714285714285716,0
56035,28,0,1.8571428571428572,0
25025,23778.571428571428,1194,44.285714285714285,1.8571428571428572
36103,48911.42857142857,2280.5714285714284,64.14285714285714,0.14285714285714285
51800,998.1428571428571,51.57142857142857,27.714285714285715,0.14285714285714285
18153,75.14285714285714,1.1428571428571428,0.14285714285714285,0
29211,142.85714285714286,0,0.5714285714285714,0
33019,43.42857142857143,1.1428571428571428,0,0
36105,1685.7142857142858,54.857142857142854,0.42857142857142855,0
42113,11.428571428571429,0,0,0
47163,609.7142857142857,7,26.571428571428573,0.14285714285714285
46119,1.1428571428571428,0,0,0
54089,3.857142857142857,0,0.42857142857142855,0
8117,358.7142857142857,4.571428571428571,1.4285714285714286,0
39153,3247.4285714285716,243,49.142857142857146,0.7142857142857143
49043,753.5714285714286,1.1428571428571428,4.285714285714286,0
20191,93.71428571428571,2.2857142857142856,1.7142857142857142,0
47165,3194.4285714285716,75.14285714285714,55.857142857142854,0.8571428571428571
1119,382.57142857142856,16.142857142857142,3.4285714285714284,0.2857142857142857
12119,1082,27.428571428571427,24.142857142857142,0.7142857142857143
13261,787.7142857142857,62.57142857142857,4,0.2857142857142857
45085,2285.1428571428573,42.857142857142854,42.285714285714285,0.8571428571428571
28133,863,15.571428571428571,19.428571428571427,0.14285714285714285
37171,848.4285714285714,5.428571428571429,14.142857142857142,0.42857142857142855
51181,37.857142857142854,1.2857142857142858,0.8571428571428571,0.14285714285714285
42115,232.42857142857142,29.714285714285715,0.7142857142857143,0
10005,6248.857142857143,212.42857142857142,28.428571428571427,1.7142857142857142
34037,1450.142857142857,222.85714285714286,4.714285714285714,0
51183,288.7142857142857,8,4.857142857142857,0
6101,691.8571428571429,4.857142857142857,16.714285714285715,0.2857142857142857
48435,58.42857142857143,0.2857142857142857,1.5714285714285714,0.14285714285714285
12121,1121,31.285714285714285,16,0.8571428571428571
37173,102,2.2857142857142856,1.7142857142857142,0
30097,4.428571428571429,1,0.14285714285714285,0.14285714285714285
56037,241.28571428571428,0,4.857142857142857,0
27151,55.142857142857146,1.1428571428571428,0.7142857142857143,0
48437,80.71428571428571,1.4285714285714286,0.7142857142857143,0.14285714285714285
18155,42.142857142857146,0,0.2857142857142857,0
13263,132.14285714285714,3.4285714285714284,2.2857142857142856,0
24041,334.14285714285717,4.571428571428571,7.857142857142857,0
13265,6.285714285714286,0,0.5714285714285714,0
1121,785.7142857142857,9.571428571428571,21.285714285714285,0.14285714285714285
28135,383.42857142857144,6.142857142857143,8.857142857142858,0.7142857142857143
1123,853.5714285714286,87.28571428571429,7.571428571428571,0.8571428571428571
19171,591.2857142857143,33.142857142857146,1.8571428571428572,0
29213,266.2857142857143,3.4285714285714284,14.285714285714286,0
22105,3085.1428571428573,61.57142857142857,64.57142857142857,1.5714285714285714
35055,92.57142857142857,1.1428571428571428,2.2857142857142856,0
48439,27942.428571428572,375.14285714285717,533.8571428571429,6.285714285714286
28137,619,21.571428571428573,11.857142857142858,0.14285714285714285
13267,356.42857142857144,0.5714285714285714,11.571428571428571,0.14285714285714285
12123,289.42857142857144,3,10,0.14285714285714285
13269,64.85714285714286,2.2857142857142856,1.1428571428571428,0
19173,101,0,1.4285714285714286,0
21217,88.71428571428571,1.1428571428571428,1.8571428571428572,0
48441,1134.7142857142858,15.857142857142858,12.714285714285714,0.7142857142857143
54091,41.42857142857143,0,1.2857142857142858,0
55119,43.57142857142857,0,1,0
17179,300.57142857142856,9.142857142857142,7.857142857142857,0
51185,70.14285714285714,0,4.142857142857143,0
6103,208.42857142857142,1.1428571428571428,9,0
13271,263.57142857142856,5.571428571428571,2.4285714285714284,0
8119,106,2.2857142857142856,2.4285714285714284,0
22107,54.57142857142857,0,1.5714285714285714,0
22109,2677.8571428571427,80.14285714285714,58.57142857142857,0.42857142857142855
13273,311.85714285714283,33.142857142857146,2.142857142857143,0
48443,2.2857142857142856,0,0,0
48445,92.28571428571429,0.5714285714285714,5.428571428571429,0.2857142857142857
16081,57.42857142857143,0,0.5714285714285714,0
30099,17.142857142857142,0,0,0
56039,305,0,12.142857142857142,0
29215,22.285714285714285,0,1,0
40139,1160.2857142857142,8,2.4285714285714284,0
31169,26.857142857142858,0,0.5714285714285714,0
13275,923.4285714285714,42.42857142857143,23.571428571428573,0.5714285714285714
20193,29,0,1.1428571428571428,0
31171,1.1428571428571428,0,0,0
48447,2.2857142857142856,0,0,0
31173,214,2.857142857142857,2,0.2857142857142857
53067,598,6.571428571428571,13.571428571428571,0.2857142857142857
13277,1293.2857142857142,37.57142857142857,13.142857142857142,0.7142857142857143
41057,27.142857142857142,0,0.14285714285714285,0
40141,47.285714285714285,1.1428571428571428,1.7142857142857142,0
36107,202.42857142857142,27.428571428571427,0.8571428571428571,0
42117,38.57142857142857,2.2857142857142856,0.14285714285714285,0
28139,259.57142857142856,12.571428571428571,7.428571428571429,0
18157,1080.857142857143,12.428571428571429,15.285714285714286,0.14285714285714285
18159,76.85714285714286,2.4285714285714284,5.714285714285714,0.14285714285714285
47167,1037.142857142857,9.142857142857142,23.571428571428573,0
28141,239,3.2857142857142856,8.857142857142858,0.14285714285714285
48449,1302.142857142857,8.428571428571429,24.142857142857142,1
72135,373.57142857142856,0,12.857142857142858,0
72137,360.2857142857143,0,9.571428571428571,0
21219,35,0,0.14285714285714285,0
27153,465.42857142857144,2.2857142857142856,0.7142857142857143,0
46121,75.28571428571429,3.4285714285714284,0.14285714285714285,0
9013,1094.5714285714287,74.28571428571429,3.7142857142857144,0
48451,2141.1428571428573,19.142857142857142,63.857142857142854,0.8571428571428571
36109,249.85714285714286,0,2.2857142857142856,0
49045,543.2857142857143,0,9.714285714285714,0
30101,35.42857142857143,6.857142857142857,0,0
13279,553.8571428571429,7,17.428571428571427,0.14285714285714285
35057,60.57142857142857,1.1428571428571428,1,0
38095,5.142857142857143,0,0.14285714285714285,0
13281,108.71428571428571,1.1428571428571428,3,0
38097,39.714285714285715,0,0.8571428571428571,0
37175,119.28571428571429,1.1428571428571428,1.7142857142857142,0
27155,10.285714285714286,0,0,0
48453,21656.85714285714,253.28571428571428,275.57142857142856,0
30103,2.2857142857142856,0,0,0
20195,5.714285714285714,0,0,0
55121,291,1.1428571428571428,5.571428571428571,0
13283,81.71428571428571,2.2857142857142856,2.142857142857143,0
21221,49.142857142857146,0,1,0
21223,30,0,0.2857142857142857,0
6105,3.4285714285714284,0,0,0
48455,130.14285714285714,0.5714285714285714,1.8571428571428572,0.2857142857142857
46123,22.285714285714285,0,0.14285714285714285,0
13285,2325,57.857142857142854,24.285714285714285,1.1428571428571428
47169,1779.2857142857142,6.857142857142857,2.5714285714285716,0
72139,359.7142857142857,0,9.857142857142858,0
39155,1445,105,20.714285714285715,1.7142857142857142
54093,8.571428571428571,0,0.14285714285714285,0
6107,9232.142857142857,193.28571428571428,248.85714285714286,0.7142857142857143
40143,8314.285714285714,102.28571428571429,234.42857142857142,1
28143,201.85714285714286,4.142857142857143,5.857142857142857,0.14285714285714285
6109,137.42857142857142,0.2857142857142857,3.857142857142857,0.2857142857142857
13287,235.42857142857142,20.571428571428573,1.1428571428571428,0
46125,44.142857142857146,0,1.2857142857142858,0
1125,3946,65.42857142857143,61,0.42857142857142855
39157,813.1428571428571,12.714285714285714,5,0.14285714285714285
26157,305.57142857142856,30.857142857142858,4.571428571428571,0
13289,74.57142857142857,1.8571428571428572,2.2857142857142856,0.2857142857142857
16083,1167.142857142857,30.285714285714285,26.714285714285715,0.5714285714285714
48457,86.71428571428571,0.42857142857142855,7.571428571428571,0.14285714285714285
54095,12.142857142857142,0,0.14285714285714285,0
37177,96.28571428571429,1.1428571428571428,1.7142857142857142,0
56041,264.14285714285717,0,2.857142857142857,0
36111,2192.4285714285716,102.57142857142857,5.142857142857143,0.2857142857142857
41059,1818,16.285714285714285,51.142857142857146,1
90001,1948.7142857142858,47.857142857142854,110.57142857142857,1.4285714285714286
90002,0,0,0,0
90004,1.1428571428571428,0.14285714285714285,0,0.14285714285714285
90005,1564.5714285714287,0,43.857142857142854,0
90006,0,0,0,0
90009,264.7142857142857,0,1.2857142857142858,0
90010,202.71428571428572,11,4.857142857142857,0.14285714285714285
90012,525.7142857142857,0,15.142857142857142,0
90013,2374.4285714285716,7.285714285714286,93.42857142857143,0
90015,0,0,0,0
90016,0,0,0,0
90017,1445.5714285714287,219.85714285714286,12.142857142857142,-0.14285714285714285
90018,0,225,0,0.7142857142857143
90019,8,0,-1.1428571428571428,0
90020,0,1.1428571428571428,0,0
90021,3.4285714285714284,0,-0.14285714285714285,0
90022,10.571428571428571,80,0.5714285714285714,16
90023,5,0,-3.142857142857143,0
90024,0,16.142857142857142,0,-0.14285714285714285
90025,368.2857142857143,6.857142857142857,2.2857142857142856,0
90026,14.142857142857142,0,-3.7142857142857144,0
90027,172,45.714285714285715,10.714285714285714,0
90028,0,0,0,0
90029,0,0,0,0
90030,0,0,0,0
90031,150.71428571428572,0.8571428571428571,3.4285714285714284,-0.2857142857142857
90032,0,0,0,0
90033,0,0,0,0
90034,783.4285714285714,0,-1.1428571428571428,0
90035,1162,0,31,0
90036,0,0,0,0
90037,0,0,0,0
90038,0,0,0,0
90039,0,0,0,0
90040,25,0.14285714285714285,2.5714285714285716,0
90041,0,0,0,0
90042,0,0,0,0
72999,391,222.28571428571428,10.142857142857142,4.142857142857143
90044,1945,1144.142857142857,46.857142857142854,1.2857142857142858
90045,0,0,0,0
90046,0,0.42857142857142855,0,0.14285714285714285
90047,2986.5714285714284,3.142857142857143,220.57142857142858,0.2857142857142857
90048,0,23.142857142857142,0,11.571428571428571
90049,0,0,0,0
90050,8,0,0,0
90051,0,0,0,0
90053,184.71428571428572,0.42857142857142855,-3.857142857142857,-0.14285714285714285
90054,0,0,0,0
90055,0,0,0,0
90056,0.14285714285714285,27.571428571428573,0,0.14285714285714285
47171,102,0,5.714285714285714,0
5139,406,16.857142857142858,6.142857142857143,0.14285714285714285
12125,218.42857142857142,4,14.571428571428571,0.14285714285714285
13291,185.85714285714286,6,5.142857142857143,0.14285714285714285
17181,299.2857142857143,24,4.571428571428571,0
18161,24.571428571428573,0,0.8571428571428571,0
19175,70.42857142857143,1.1428571428571428,1.4285714285714286,0
21225,50.857142857142854,0,1.4285714285714286,0
22111,608.8571428571429,35.142857142857146,5.714285714285714,0.14285714285714285
28145,445,13.571428571428571,14.428571428571429,0.2857142857142857
34039,18709.14285714286,1537.4285714285713,-15,0.42857142857142855
35059,22.428571428571427,0,1.4285714285714286,0
37179,2769.714285714286,39.857142857142854,45.857142857142854,0.8571428571428571
39159,196.71428571428572,1.1428571428571428,6.142857142857143,0
41061,440,2.2857142857142856,0,0
42119,135.85714285714286,2.2857142857142856,2.142857142857143,0
45087,294.7142857142857,1,9.571428571428571,0.2857142857142857
46127,196.57142857142858,2.2857142857142856,2,0
47173,82.71428571428571,0,5.285714285714286,0
48459,175.57142857142858,0.8571428571428571,5.571428571428571,0.2857142857142857
54097,40,0,0.42857142857142855,0
13293,502.42857142857144,51.42857142857143,3.7142857142857144,0
48461,15,0.2857142857142857,0,0.14285714285714285
49049,7982.285714285715,35.42857142857143,129.42857142857142,0
72141,55,0,1.7142857142857142,0
48463,447,5.142857142857143,12.857142857142858,-0.2857142857142857
48465,1256.5714285714287,17.142857142857142,54.285714285714285,2
2261,39.285714285714285,0,3.2857142857142856,0
35061,341.2857142857143,2.857142857142857,9.857142857142858,0.2857142857142857
16085,47.285714285714285,1.1428571428571428,1,0
30105,8.142857142857142,0,0.42857142857142855,0
31175,10.285714285714286,0,0,0
5141,48.285714285714285,2.2857142857142856,1,0
19177,26,1.1428571428571428,0.2857142857142857,0
26159,396.2857142857143,11.428571428571429,8,0.2857142857142857
47175,23.714285714285715,0,1.8571428571428572,0
39161,67.85714285714286,1.1428571428571428,0.8571428571428571,0
48467,328.57142857142856,3.2857142857142856,6.428571428571429,-0.2857142857142857
37181,765,45.714285714285715,8.714285714285714,0
18163,1548.857142857143,7.857142857142857,44.142857142857146,0.2857142857142857
72143,161.42857142857142,0,4,0
72145,275.42857142857144,0,8,0
42121,62,0,0.8571428571428571,0
6111,7222.571428571428,75.14285714285714,125,1.1428571428571428
17183,184.71428571428572,2.2857142857142856,6.285714285714286,0
22113,1166.7142857142858,14.714285714285714,40,0.42857142857142855
18165,24,0,0.2857142857142857,0
22115,618.2857142857143,20.142857142857142,23.714285714285715,0.5714285714285714
29217,50,0,0.5714285714285714,0
55123,54,0,0.7142857142857143,0
48469,3173.1428571428573,28.428571428571427,54.57142857142857,0
72147,35.857142857142854,0,0.5714285714285714,0
18167,399.2857142857143,10.285714285714286,10.857142857142858,0
55125,24.857142857142858,0,0.42857142857142855,0
72149,77.14285714285714,0,1,0
39163,29.571428571428573,2.2857142857142856,0.2857142857142857,0
51810,3781.714285714286,47,137,0.7142857142857143
12127,6878,108.85714285714286,134.71428571428572,2.4285714285714284
17185,28.571428571428573,0,0.2857142857142857,0
18169,158.71428571428572,3.4285714285714284,2.2857142857142856,0
27157,72.57142857142857,0,2,0
20197,45.714285714285715,0,0,0
27159,22.857142857142858,0,0,0
40145,632,22.428571428571427,20.428571428571427,0.2857142857142857
53069,6.285714285714286,0,-0.14285714285714285,0
37183,11098.714285714286,119.42857142857143,170.85714285714286,3.142857142857143
12129,508.2857142857143,1.2857142857142858,32.285714285714285,0.14285714285714285
23027,68.57142857142857,16,0,0
1127,1526.4285714285713,62.57142857142857,21.285714285714285,1
13295,510.14285714285717,16,10.857142857142858,0
48471,3075.4285714285716,37.142857142857146,16.285714285714285,1.8571428571428572
53071,379.42857142857144,3.5714285714285716,9.714285714285714,0
48473,392.42857142857144,2,10.571428571428571,0.5714285714285714
41063,20.571428571428573,1.1428571428571428,0,0
38099,102.85714285714286,0,1.5714285714285714,0
28147,439,16.571428571428573,6.571428571428571,0.2857142857142857
12131,1127.4285714285713,13,32.57142857142857,0.14285714285714285
13297,833.2857142857143,36.57142857142857,19,0
46129,20.571428571428573,0,0,0
55127,1167.2857142857142,23,17,0.42857142857142855
19179,892.7142857142857,35.42857142857143,7.285714285714286,0
38101,155.71428571428572,1.1428571428571428,6.285714285714286,0
48475,83.57142857142857,1.4285714285714286,1.8571428571428572,0
13299,1111.5714285714287,21.142857142857142,21.142857142857142,0.42857142857142855
13301,51.142857142857146,0,0.2857142857142857,0
17187,187.14285714285714,0,2.5714285714285716,0
18171,21,1.1428571428571428,0.2857142857142857,0
19181,513.5714285714286,1.1428571428571428,8.428571428571429,0
21227,2464,23.142857142857142,35.42857142857143,0.2857142857142857
28149,935.4285714285714,26.571428571428573,19.714285714285715,0.2857142857142857
29219,128.57142857142858,0,4.428571428571429,0
34041,1490.7142857142858,193.85714285714286,5,-0.2857142857142857
36113,333.85714285714283,37.714285714285715,1.4285714285714286,0
37185,251.71428571428572,6.857142857142857,3.2857142857142856,0
39165,1559.7142857142858,34,25.571428571428573,0.7142857142857143
42123,16,1.1428571428571428,0,0
47177,321.2857142857143,3.4285714285714284,12,0
51187,389.14285714285717,8.285714285714286,1.4285714285714286,-0.14285714285714285
18173,464.14285714285717,33.142857142857146,11.571428571428571,0
49051,579.8571428571429,4.571428571428571,3.4285714285714284,0
41065,159.85714285714286,3.4285714285714284,2.2857142857142856,0
27161,122.14285714285714,0,3.142857142857143,0
56043,51.285714285714285,0,0.14285714285714285,0
55129,11.142857142857142,0,0.7142857142857143,0
1129,296.14285714285717,11,9,0.14285714285714285
5143,6342.714285714285,45.714285714285715,67.28571428571429,0.42857142857142855
8121,52.57142857142857,0,0,0
12133,462.2857142857143,14.857142857142858,18.142857142857142,0
13303,348.2857142857143,1.1428571428571428,16.428571428571427,0
16087,185.42857142857142,2.2857142857142856,2.7142857142857144,0
17189,48.142857142857146,0,2.142857142857143,0
18175,94.85714285714286,1.1428571428571428,2,0
19183,315.85714285714283,10.428571428571429,1.7142857142857142,0.14285714285714285
20201,2.2857142857142856,0,0,0
21229,53.57142857142857,0,1.4285714285714286,0
22117,1221.2857142857142,62.857142857142854,17.142857142857142,0.2857142857142857
23029,7,0,0.14285714285714285,0
24043,977,33.714285714285715,14,0.14285714285714285
27163,1851.4285714285713,46.714285714285715,29.714285714285715,0.2857142857142857
28151,1386.2857142857142,25.428571428571427,27.285714285714285,0.8571428571428571
29221,50.42857142857143,1.1428571428571428,1.1428571428571428,0
31177,97.28571428571429,1.1428571428571428,1.8571428571428572,0
36115,288.2857142857143,16,0.5714285714285714,0
37187,110.14285714285714,3.4285714285714284,4,0
39167,202.14285714285714,24,2.4285714285714284,0
40147,594.2857142857143,44.57142857142857,5.428571428571429,0
41067,2770,25.142857142857142,43.857142857142854,0
42125,735.4285714285714,11.428571428571429,15.285714285714286,0
44009,654.5714285714286,0,1.4285714285714286,0
47179,706.8571428571429,0.2857142857142857,42.285714285714285,0.2857142857142857
48477,495.42857142857144,39.42857142857143,7.714285714285714,0.42857142857142855
50023,52.714285714285715,1.1428571428571428,0.2857142857142857,0
51191,150.28571428571428,4.571428571428571,4.571428571428571,0
55131,756.2857142857143,22,19,0.2857142857142857
40149,17.428571428571427,0,0.8571428571428571,0
32031,5157.571428571428,120.42857142857143,92.85714285714286,0.7142857142857143
26161,2546.714285714286,125.71428571428571,24.571428571428573,0
37189,244.71428571428572,0,6.714285714285714,0
27165,327.85714285714283,0,1.8571428571428572,0
55133,3217.8571428571427,49.285714285714285,103.57142857142857,0.8571428571428571
55135,323.42857142857144,16,13.142857142857142,0
55137,74.85714285714286,0,4.285714285714286,0
13305,557.8571428571429,1.8571428571428572,15.142857142857142,0.2857142857142857
17191,32.714285714285715,1.1428571428571428,0.7142857142857143,0
18177,281.42857142857144,8.142857142857142,8.428571428571429,0.14285714285714285
19185,14.571428571428571,1.1428571428571428,0.42857142857142855,0
21231,53.57142857142857,0,1.7142857142857142,0
26163,29543.14285714286,3182.714285714286,131.57142857142858,1
28153,767.5714285714286,24,7.428571428571429,0
29223,11.142857142857142,0,1.4285714285714286,0
31179,40.142857142857146,0,0,0
36117,273.14285714285717,3.4285714285714284,1.5714285714285714,0
37191,2518.5714285714284,40.714285714285715,14.571428571428571,0.14285714285714285
39169,495.85714285714283,65.71428571428571,5.714285714285714,0.14285714285714285
42127,173.14285714285714,9.142857142857142,0.7142857142857143,0
47181,198.85714285714286,0.7142857142857143,4.142857142857143,0.14285714285714285
54099,194.42857142857142,10.285714285714286,2,0
51820,181,2.2857142857142856,2.142857142857143,0
47183,156.14285714285714,1.4285714285714286,9.714285714285714,0.14285714285714285
48479,5387,90,143.57142857142858,-0.14285714285714285
13307,40.57142857142857,2.2857142857142856,0.14285714285714285,0
19187,682.1428571428571,5.714285714285714,13.142857142857142,0
21233,81.85714285714286,1,1.1428571428571428,0.14285714285714285
22119,848,13.714285714285714,12.857142857142858,0
28155,182,12.571428571428571,4,0
29225,105.42857142857143,1.1428571428571428,3.142857142857143,0
31181,11,0,0.14285714285714285,0
54101,3.142857142857143,0,0.14285714285714285,0
8123,3841.5714285714284,158.85714285714286,27.714285714285715,0
18179,125.57142857142857,1.2857142857142858,2.2857142857142856,0.14285714285714285
38103,14.142857142857142,0,0.42857142857142855,0
22121,603.4285714285714,37.714285714285715,14,0
22123,249,5.714285714285714,2.857142857142857,0
22125,360.2857142857143,17,1.8571428571428572,0.14285714285714285
36119,40820.28571428572,1648.5714285714287,35.857142857142854,0.42857142857142855
42129,1443.7142857142858,48.142857142857146,19.142857142857142,0.5714285714285714
51193,215.57142857142858,2.2857142857142856,0.7142857142857143,0
56045,4.857142857142857,0,0.14285714285714285,0
54103,47.285714285714285,0,-0.14285714285714285,0
26165,64.14285714285714,4.571428571428571,1.1428571428571428,0
48481,551.5714285714286,7.571428571428571,13.714285714285714,2.2857142857142856
53073,949.8571428571429,42.42857142857143,9.857142857142858,0.14285714285714285
30107,2.2857142857142856,0,0,0
13309,90.28571428571429,0.42857142857142855,0.7142857142857143,0.14285714285714285
31183,0.5714285714285714,0,0.14285714285714285,0
48483,33.857142857142854,0,0.7142857142857143,0
5145,231,2.2857142857142856,7.571428571428571,0
13311,283,5.714285714285714,5.714285714285714,0
17193,46.142857142857146,0,2.4285714285714284,0
18181,363,11.428571428571429,3.2857142857142856,0
47185,173.42857142857142,3.4285714285714284,5.714285714285714,0
32033,12.571428571428571,1.1428571428571428,0,0
17195,305.7142857142857,18.285714285714285,6.857142857142857,0
13313,2932.4285714285716,26.142857142857142,66.42857142857143,0.14285714285714285
18183,148.85714285714286,6.857142857142857,2.5714285714285716,0
21235,101.14285714285714,0.8571428571428571,3.857142857142857,0.14285714285714285
53075,69.71428571428571,0,3.7142857142857144,0
30109,1.1428571428571428,0,0,0
20203,1.8571428571428572,0,0.14285714285714285,0
48485,922.2857142857143,10.428571428571429,15.857142857142858,0.14285714285714285
24045,1399,48,8.714285714285714,0
48487,36.142857142857146,0.2857142857142857,1.1428571428571428,0.14285714285714285
1131,428.7142857142857,10.285714285714286,4.285714285714286,0
13315,171.42857142857142,19.857142857142858,0.7142857142857143,0.2857142857142857
13317,181.14285714285714,3.4285714285714284,2.5714285714285716,0
37193,784.2857142857143,9.142857142857142,5.857142857142857,0.2857142857142857
27167,26.714285714285715,3.4285714285714284,0.14285714285714285,0
13319,173.71428571428572,11.285714285714286,2.7142857142857144,0.14285714285714285
28157,164.28571428571428,13.571428571428571,4.142857142857143,0.14285714285714285
17197,9139,385.7142857142857,61.285714285714285,0.2857142857142857
48489,622.2857142857143,8,10.428571428571429,2
38105,216.85714285714286,1.8571428571428572,5.857142857142857,0.14285714285714285
39171,116.57142857142857,3.4285714285714284,2.142857142857143,0
45089,827,20.714285714285715,18.714285714285715,0.14285714285714285
51830,115,6.857142857142857,1.2857142857142858,0
17199,277.7142857142857,4.714285714285714,8.428571428571429,0.14285714285714285
47187,3198.4285714285716,23.285714285714285,55.285714285714285,0.42857142857142855
48491,5964.142857142857,102.85714285714286,64.57142857142857,3.2857142857142856
20205,7.428571428571429,0,0.2857142857142857,0
37195,1437.7142857142858,33.142857142857146,20.285714285714285,0
47189,2040.4285714285713,22.571428571428573,34,0.14285714285714285
48493,448.7142857142857,9,6.857142857142857,1.2857142857142858
51840,439.2857142857143,4.571428571428571,1.7142857142857142,0
9015,754.1428571428571,17.142857142857142,3,0
50025,114.85714285714286,3.4285714285714284,0.14285714285714285,0
50027,78.42857142857143,2.2857142857142856,0.2857142857142857,0
48495,71.42857142857143,0.2857142857142857,1.2857142857142858,0.14285714285714285
22127,400.14285714285717,6.714285714285714,4.142857142857143,0.42857142857142855
17201,3962.4285714285716,131.42857142857142,29.285714285714285,1.2857142857142858
19189,73.85714285714286,0,1.4285714285714286,0
55139,1055.5714285714287,17.857142857142858,13.428571428571429,0.2857142857142857
19191,77.28571428571429,1.1428571428571428,1.4285714285714286,0
27169,235.57142857142858,18.285714285714285,5,0
1133,427.85714285714283,10.857142857142858,5.428571428571429,0.2857142857142857
28159,534.7142857142857,15.857142857142858,13.428571428571429,0.14285714285714285
54105,6.857142857142857,0,0,0
48497,304.14285714285717,5.428571428571429,6.857142857142857,-0.14285714285714285
51195,71.14285714285714,3.4285714285714284,2.2857142857142856,0
21237,8.714285714285714,0,0.2857142857142857,0
39173,802.5714285714286,62.857142857142854,24.142857142857142,0.5714285714285714
48499,257.57142857142856,6.142857142857143,9.714285714285714,0
54107,250.71428571428572,3.5714285714285716,2.4285714285714284,0.14285714285714285
55141,180.14285714285714,1.1428571428571428,5.142857142857143,0
19193,4037.5714285714284,53.57142857142857,11.857142857142858,0.14285714285714285
17203,78.57142857142857,3.4285714285714284,1.5714285714285714,0
21239,124.14285714285714,0,2.5714285714285716,0
5147,19.428571428571427,0,0,0
40151,16.142857142857142,0,0.42857142857142855,0
20207,12.571428571428571,0,0,0
40153,29.714285714285715,0,1,0
24047,539,20.571428571428573,11.142857142857142,0
25027,14896.57142857143,1116,38.857142857142854,1.7142857142857142
13321,448.14285714285717,26.142857142857142,3.2857142857142856,0.14285714285714285
19195,55.285714285714285,0,0.7142857142857143,0
29227,5.714285714285714,0,0,0
2275,4.285714285714286,0,0.2857142857142857,0
19197,487,1.1428571428571428,1.7142857142857142,0
27171,784.4285714285714,5.142857142857143,12.428571428571429,0.14285714285714285
29229,60.285714285714285,0,0.42857142857142855,0
39175,104.14285714285714,5.714285714285714,5.285714285714286,0
20209,4555,103.71428571428571,64,0.42857142857142855
36121,124.85714285714286,5.714285714285714,0.5714285714285714,0
42131,63.142857142857146,8.142857142857142,0.7142857142857143,0.14285714285714285
54109,15.571428571428571,0.14285714285714285,1.2857142857142858,0.14285714285714285
51197,98,2.857142857142857,3,0.2857142857142857
72151,83.42857142857143,0,3.4285714285714284,0
37197,503.42857142857144,6.857142857142857,6.142857142857143,0
53077,10863.57142857143,223.71428571428572,71,1.2857142857142858
28161,306.7142857142857,10.571428571428571,5.857142857142857,0.14285714285714285
41071,306,10.428571428571429,6.714285714285714,0.14285714285714285
37199,104.85714285714286,0,1,0
46135,109.85714285714286,2.2857142857142856,1.2857142857142858,0
36123,58.57142857142857,8,0.14285714285714285,0
72153,192.28571428571428,0,5.285714285714286,0
4025,1749,59.42857142857143,25.571428571428573,0.7142857142857143
28163,774,10,11,0.5714285714285714
5149,1084.857142857143,15.857142857142858,6.857142857142857,0.14285714285714285
27173,45.285714285714285,0,0.8571428571428571,0
30111,943.5714285714286,23.571428571428573,25.571428571428573,0.7142857142857143
48501,69.85714285714286,1,1.5714285714285714,0.14285714285714285
6113,1517.2857142857142,41.857142857142854,35.142857142857146,0.7142857142857143
23031,700.8571428571429,13.714285714285714,4.142857142857143,0
31185,70.57142857142857,0,0.42857142857142855,0
42133,2432.4285714285716,90.28571428571429,20.571428571428573,1.4285714285714286
45091,3125.4285714285716,23.571428571428573,60,1.2857142857142858
51199,298.7142857142857,3.4285714285714284,7.571428571428571,0
48503,106.14285714285714,1.7142857142857142,5.142857142857143,0.2857142857142857
6115,397.42857142857144,3.4285714285714284,12.571428571428571,0
2290,43.285714285714285,0.2857142857142857,1.8571428571428572,0.14285714285714285
4027,11504.142857142857,245,127.57142857142857,3.5714285714285716
8125,64.57142857142857,0,0.14285714285714285,0
48505,136.57142857142858,1.1428571428571428,1.5714285714285714,0
48507,151.71428571428572,0.8571428571428571,6.571428571428571,0.42857142857142855
46137,5.714285714285714,0,0.5714285714285714,0
88888,56,0,0,0
99999,117.71428571428571,3.4285714285714284,0,0
66,385.2857142857143,5.714285714285714,4.571428571428571,0
69,44.57142857142857,2.2857142857142856,0.2857142857142857,0
78,393.57142857142856,7.857142857142857,10.142857142857142,0.14285714285714285
40129,6.142857142857143,0,0.5714285714285714,0
2070,1.1428571428571428,0,0,0
16061,1.1428571428571428,0,0,0
41069,0,0,0,0
